332237.610767 4128577.765612
332237.506547 4128577.798725
332237.407979 4128577.825171
332237.255665 4128577.864548
332237.099032 4128577.897955
332236.997419 4128577.923746
332236.874249 4128577.953855
332236.744990 4128577.973242
332236.617890 4128577.993717
332236.507410 4128578.007889
332236.341599 4128578.017788
332236.207960 4128578.022737
332236.037213 4128578.019111
332235.935733 4128578.015313
332235.824227 4128578.012275
332235.683304 4128578.002939
332235.428400 4128577.990565
332235.282564 4128577.978719
332235.475551 4128578.073818
332235.640946 4128578.160243
332235.900701 4128578.288243
332236.097733 4128578.384198
332236.295732 4128578.507921
332236.425025 4128578.597432
332236.684177 4128578.765837
332236.795625 4128578.837734
332236.987520 4128578.938411
332237.180520 4128579.049821
332237.399395 4128579.168435
332237.559645 4128579.296050
332237.811580 4128579.467160
332238.047144 4128579.590107
332238.256870 4128579.702912
332238.481131 4128579.810651
332238.672833 4128579.896722
332238.925696 4128579.990198
332239.145094 4128580.066032
332239.329520 4128580.116449
332239.678270 4128580.179968
332239.835411 4128580.197870
332239.981612 4128580.203838
332240.125971 4128580.200556
332240.263074 4128580.197870
332240.383416 4128580.183946
332240.486851 4128580.166044
332240.602863 4128580.147700
332240.672371 4128580.137330
332240.726874 4128580.111835
332240.774070 4128580.079603
332240.808603 4128580.047372
332240.846590 4128580.015141
332240.889207 4128579.969282
332240.830893 4128580.033642
332240.791631 4128580.061437
332240.757269 4128580.095641
332240.698672 4128580.127375
332240.638930 4128580.144123
332240.587504 4128580.174368
332240.515545 4128580.216048
332240.358020 4128580.280993
332240.283746 4128580.308925
332240.116110 4128580.361558
332239.957028 4128580.407083
332239.893966 4128580.422353
332239.714544 4128580.451226
332239.640300 4128580.461537
332239.555745 4128580.465662
332239.378387 4128580.460576
332239.279393 4128580.455350
332239.116908 4128580.440570
332238.921515 4128580.417721
332238.827652 4128580.408810
332238.615715 4128580.379476
332238.500517 4128580.354222
332238.329228 4128580.317045
332238.246733 4128580.294766
332238.159796 4128580.248273
332238.058787 4128580.209729
332237.951920 4128580.153506
332237.856454 4128580.107207
332237.756273 4128580.043454
332237.668114 4128580.006468
332237.538566 4128579.937804
332237.401730 4128579.862105
332237.289042 4128579.791558
332237.171437 4128579.726335
332237.041426 4128579.660107
332236.941144 4128579.604314
332236.844205 4128579.550349
332236.710851 4128579.478856
332236.604741 4128579.407690
332236.480557 4128579.349960
332236.362729 4128579.298147
332236.243390 4128579.250281
332236.125812 4128579.203890
332235.976825 4128579.169141
332235.813626 4128579.132356
332235.619935 4128579.095892
332235.301251 4128579.024638
332235.008086 4128578.957629
332234.663219 4128578.915077
332234.426389 4128578.864968
332234.112637 4128578.824230
332233.885301 4128578.803828
332233.618065 4128578.783028
332233.368670 4128578.761030
332233.072797 4128578.744192
332232.772556 4128578.718232
332232.499436 4128578.695711
332232.185614 4128578.690720
332231.936993 4128578.705261
332231.630948 4128578.677142
332231.385114 4128578.702786
332231.101371 4128578.695219
332230.766415 4128578.759706
332230.462402 4128578.801714
332230.269924 4128578.922853
332230.053274 4128579.026901
