329922.542707  4123313.776472  -119.935365
329922.290072  4123310.379572  -122.429710
329921.888792  4123306.988015  -115.572808
329921.890999  4123305.830100  -103.477515
329922.145554  4123304.653180  -89.467738
329922.680122  4123303.567477  -75.563939
329923.467052  4123302.633564  -63.477656
329924.417624  4123301.896340  -56.842308
329925.440801  4123301.277651  -44.096686
329930.957783  4123299.440823  -25.823260
329936.353931  4123299.427519  -19.199664
329937.243504  4123299.528594  -12.582460
329938.115800  4123299.731577  1.747867
329938.895931  4123300.136474  15.382120
329939.572372  4123300.725825  25.823886
329940.135898  4123301.434424  38.517646
329940.536962  4123302.264052  47.664458
329940.803214  4123303.154135  70.749124
329940.090473  4123309.477361  64.029078
329940.095159  4123310.406640  55.891518
329940.228898  4123311.309432  41.668093
329940.587329  4123312.168396  26.341995
329941.134722  4123312.869632  17.578153
329941.789269  4123313.485587  9.806832
329942.502575  4123313.994173  1.719001
329943.290770  4123314.402752  -8.352306
329944.135416  4123314.666310  -21.625574
329947.647596  4123314.915381  -22.739307
329951.171295  4123315.096516  -28.907916
329955.453162  4123314.855179  -48.447054
329956.441789  4123314.440308  -60.725278
329957.316323  4123313.826967  -68.479009
329958.092905  4123313.107920  -72.883268
329958.823390  4123312.319032  -83.175732
329959.407524  4123311.402346  -89.760023
329959.887947  4123310.413920  -106.848909
329960.557076  4123306.108051  -113.567546
329960.719192  4123301.717139  -113.567546
