329916.713824  4123264.146831  158.995809
329918.603074  4123264.000395  158.734540
329920.532418  4123263.841999  158.148909
329922.439072  4123263.665828  158.643831
329924.359868  4123263.505071  158.697407
329926.317805  4123263.343049  159.176325
329928.289886  4123263.196443  159.614154
329930.238968  4123263.066515  160.089664
329932.202193  4123262.952000  161.478401
329934.133565  4123262.886259  162.718911
329936.090271  4123262.862044  161.928888
329938.110068  4123262.809188  160.568543
329940.441758  4123262.692727  159.695050
329943.073842  4123262.521001  161.535639
329945.719453  4123262.433593  160.598357
329948.302587  4123262.305921  160.243547
329950.142886  4123262.203535  160.105074
329950.694417  4123262.171513  178.856174
329950.702964  4123262.173872  160.875407
329950.954409  4123262.162663  160.974669
329951.857309  4123262.123980  161.021597
329953.848819  4123262.040290  159.839905
329956.806629  4123261.854821  160.508610
329959.306932  4123261.727316  160.649554
329961.684310  4123261.611943  161.099247
329964.084377  4123261.514343  160.396131
329966.464706  4123261.388270  158.963402
329968.871294  4123261.200367  159.752462
329971.240431  4123261.048181  160.029649
329973.540879  4123260.911578  165.580756
329975.907862  4123261.000557  179.139710
329978.041784  4123261.600849  -165.206049
329979.939385  4123262.757606  -143.210741
329981.469070  4123264.814428  -120.295803
329982.078020  4123267.307949  -117.784763
329982.512578  4123269.500081  -120.247281
329983.047063  4123271.696759  -122.414437
329983.667331  4123273.882568  -120.888252
329984.233055  4123276.099377  -101.868265
329984.037620  4123278.474569  -74.744750
329982.762553  4123280.528853  -56.014997
329980.918187  4123282.046148  -47.446362
329978.902379  4123283.251356  -40.074124
329976.780558  4123284.174040  -29.425771
329974.542455  4123284.684731  -25.360825
329972.322985  4123285.027877  -22.429257
329970.467617  4123285.218210  -10.217367
329968.718510  4123285.023416  15.721267
329967.199023  4123284.063083  39.137317
329966.164350  4123282.545775  60.727011
329965.771483  4123280.802616  72.039158
329965.727651  4123278.994588  74.383029
329965.758409  4123277.149578  70.245648
329965.655052  4123275.290588  53.923600
329965.044931  4123273.568073  25.764789
329963.721857  4123272.362611  9.344373
329962.132147  4123271.590125  -8.425044
329960.397801  4123271.341839  -22.571598
329958.645312  4123271.526018  -22.800550
329956.881323  4123271.718535  -23.333665
329955.188666  4123271.919222  -22.161334
329953.279062  4123272.106099  -27.056377
329951.156260  4123272.498935  -38.193340
329949.152688  4123273.293066  -60.573886
329947.622852  4123274.770505  -75.318364
329946.509690  4123276.604671  -90.449820
329945.902551  4123278.705094  -105.534051
329945.863115  4123280.881570  -113.666250
329946.137601  4123283.087100  -113.999602
329946.420943  4123285.260538  -112.701170
329946.647712  4123287.372315  -111.838646
329946.767490  4123288.671728  -114.074909
329946.820985  4123289.077910  0.000000
329946.820985  4123289.077910  -1.150285
329946.812438  4123289.075552  178.849715
329946.820985  4123289.077910  -106.060181
329946.820370  4123289.146815  -113.454819
329946.979934  4123290.468719  -112.701195
329947.206703  4123292.580497  -112.821007
329947.457578  4123294.871610  -112.510945
329947.694309  4123297.147311  -112.322720
329947.930425  4123299.491915  -112.527523
329948.177734  4123301.862632  -113.422622
329948.459541  4123304.208331  -113.828603
329948.755799  4123306.534992  -114.017036
329949.063248  4123308.887766  -115.909548
329949.447935  4123311.227313  -114.908909
329949.792527  4123313.578822  -112.923461
329950.038426  4123315.787976  -111.085722
329950.200079  4123317.835737  -109.560250
329950.309832  4123319.938251  -111.793238
329950.499773  4123322.016842  -132.477441
329951.397256  4123323.864696  -156.143123
329952.976152  4123325.209817  -175.995421
329954.943196  4123325.948266  171.538007
329957.014168  4123326.243381  156.207312
329959.044371  4123325.986164  135.721467
329960.840779  4123325.042770  108.892611
329961.786614  4123323.715029  89.780747
329962.249112  4123322.138804  75.343316
329962.303664  4123320.507583  68.352840
329962.140162  4123318.666537  69.113535
329961.992034  4123316.703096  78.332322
329962.170559  4123314.622560  95.504035
329962.947412  4123312.707112  111.859198
329964.258887  4123311.054297  121.805609
329965.830844  4123309.657552  133.770712
329967.533227  4123308.688214  153.104005
329969.518660  4123308.326544  168.939346
329971.507717  4123308.518468  -178.965720
329973.452990  4123309.135783  -166.260875
329975.243053  4123310.182280  -164.720738
329977.009809  4123311.279908  -179.301230
329978.983678  4123311.893598  158.960996
329980.967264  4123311.738638  146.541475
329982.854614  4123311.165705  132.612240
329984.649296  4123310.095194  116.535873
329986.070961  4123308.576392  102.118891
329987.072689  4123306.746013  88.852750
329987.624657  4123304.745491  81.806719
329987.919584  4123302.743122  63.903366
329987.599579  4123300.835871  42.687236
329986.682230  4123299.293376  23.215470
329985.193794  4123298.053806  5.727498
329983.392417  4123297.315023  -10.557611
329981.434908  4123297.108781  -16.621866
329979.438413  4123297.110516  -19.056975
329977.455444  4123297.196571  -19.289505
329975.283814  4123297.299645  -20.564083
329972.986001  4123297.460001  -20.346469
329970.662544  4123297.613282  -20.159361
329968.350586  4123297.758223  -21.158289
329966.055416  4123297.942333  -21.417327
329963.757294  4123298.137139  -23.961510
329961.458249  4123298.435302  -23.453965
329959.165107  4123298.712067  -22.189233
329956.858128  4123298.938966  -21.593158
329955.972012  4123299.016820  -20.539415
329955.671925  4123299.037632  -22.374362
329955.397481  4123299.065520  0.000000
329955.397481  4123299.065520  -19.993983
329955.191725  4123299.077823  -22.131377
329954.019664  4123299.191904  -23.407448
329952.507117  4123299.373212  -23.792664
329950.934427  4123299.572463  -22.712811
329949.133291  4123299.766244  -21.917124
329946.952189  4123299.970309  -22.475228
329944.736588  4123300.199392  -26.418425
329942.533899  4123300.581698  -34.767072
329940.591694  4123301.220075  -41.633721
329938.764662  4123302.074428  -52.719826
329937.140310  4123303.261001  -72.630990
329936.049038  4123304.882472  -87.084486
329935.714999  4123305.826420  -94.783514
329935.515076  4123306.784350  -102.711064
329935.452530  4123307.711110  -110.182268
329935.485055  4123308.226629  -112.923324
329935.522072  4123308.559190  -115.686656
329935.589711  4123308.980788  -111.753056
329935.607912  4123309.181520  -121.794005
329935.909343  4123310.289295  -117.951740
329936.076167  4123311.118169  -118.401652
329936.270663  4123312.046776  -116.668774
329936.447448  4123313.039572  -115.686725
329936.609783  4123314.051405  -116.212435
329936.778021  4123315.041842  -109.367302
329936.806002  4123315.614947  -121.428137
329936.917664  4123316.035902  -115.686656
329936.985303  4123316.457499  -114.484968
329937.068500  4123317.056074  -115.686714
329937.136139  4123317.477671  -114.102511
329937.267235  4123318.469373  -114.075036
329937.347480  4123319.078647  -113.519084
329937.395380  4123319.471773  -113.633268
329937.517929  4123320.461116  -113.309335
329937.589625  4123321.068030  -112.357216
329937.631622  4123321.482552  -113.519084
329937.679523  4123321.875678  -112.519429
329937.740028  4123322.456480  -110.564309
329937.767882  4123322.855588  -113.325103
329937.836935  4123323.438748  -113.708613
329937.874260  4123323.736857  -91.146176
329937.871308  4123323.747555  67.076518
329937.855443  4123323.605029  68.610912
329937.842531  4123323.451804  68.022580
329937.819042  4123323.203563  65.574493
329937.797582  4123323.047981  68.611017
329937.771757  4123322.741533  69.302768
329937.756509  4123322.530102  68.610844
329937.730683  4123322.223654  70.641977
329937.721030  4123322.025279  69.483745
329937.700801  4123321.731888  64.652298
329937.671101  4123321.539495  62.317013
329937.613730  4123321.247367  60.810524
329937.572531  4123321.063314  57.585574
329937.483921  4123320.751055  51.910365
329937.397340  4123320.531454  44.686204
329937.301606  4123320.356894  45.987038
329937.119270  4123320.005747  36.034703
329936.896237  4123319.713959  27.406691
329936.729161  4123319.552736  20.946160
329936.448322  4123319.337098  17.475120
329936.246749  4123319.200894  7.968894
329935.928152  4123319.055426  1.609062
329935.708868  4123318.983409  -5.124364
329935.395253  4123318.919901  -12.470778
329935.169757  4123318.903732  -22.075185
329934.829575  4123318.936507  -16.367816
329934.618223  4123318.935753  -23.240087
329934.266542  4123318.976867  -15.761203
329934.046643  4123318.973755  -21.356122
329933.726508  4123319.000547  -23.792678
329933.554942  4123319.022284  -18.521405
329933.332090  4123319.029869  -19.603935
329933.192069  4123319.037285  -20.823399
329933.126333  4123319.042172  178.849715
329933.134880  4123319.044530  146.817346
329933.154928  4123319.038549  0.000000
329933.154928  4123319.038549  0.000000
329933.154928  4123319.038549  0.000000
329933.154928  4123319.038549  161.478270
329933.229212  4123319.036020  156.207055
329933.286400  4123319.028775  161.478758
329933.434968  4123319.023719  160.396065
329933.574989  4123319.016302  155.328021
329933.795196  4123318.984963  155.020390
329933.958215  4123318.960868  153.710346
329934.344394  4123318.894735  146.815160
329934.705238  4123318.787076  138.452834
329934.969106  4123318.664171  131.526312
329935.135693  4123318.560474  127.477353
329935.354179  4123318.402022  118.566903
329935.480979  4123318.275836  108.966038
329935.645845  4123318.045027  105.532400
329935.744358  4123317.888010  93.537801
329935.893667  4123317.480224  81.608964
329935.963712  4123316.993005  72.733928
329935.957135  4123316.450107  73.939696
329935.965137  4123315.554347  72.805928
329935.958869  4123314.976997  76.137642
329935.987703  4123314.367758  78.331219
329936.042017  4123313.734644  83.443049
329936.145033  4123313.151311  83.659808
329936.199435  4123312.849919  82.424391
329936.339966  4123311.962287  76.825354
329936.360139  4123311.622481  72.402375
329936.350612  4123311.090281  69.147235
329936.325095  4123310.749380  68.347539
329936.275782  4123310.194691  66.399159
329936.233169  4123309.849074  67.076702
329936.169713  4123309.278970  67.677339
329936.130361  4123308.888202  66.291474
329936.055713  4123308.291985  68.247128
329936.019312  4123307.890519  68.500278
329935.933906  4123306.899912  65.349268
329935.799551  4123305.953362  54.512496
329935.498918  4123305.076055  38.032600
329934.359339  4123303.472235  17.289735
329932.698417  4123302.357748  -2.078119
329930.715081  4123301.845045  -19.623071
329928.651922  4123301.955012  -24.452163
329926.595771  4123302.239599  -33.184824
329924.611133  4123302.831726  -51.754630
329922.921042  4123304.023184  -70.851554
329921.712130  4123305.704292  -87.950553
329921.051980  4123307.663452  -101.241730
329920.859302  4123309.728572  -110.876532
329921.015044  4123311.797729  -113.137491
329921.266838  4123313.985487  -113.023404
329921.531546  4123316.326471  -113.716351
329921.827491  4123318.687584  -113.122399
329922.097795  4123321.041624  -114.109552
329922.410837  4123323.407455  -114.410354
329922.735378  4123325.764947  -117.943436
329923.208488  4123328.117383  -129.437206
329924.131486  4123330.306139  -149.221614
329925.752377  4123332.065789  -167.302244
329927.815657  4123333.222219  176.937871
329930.075782  4123333.765242  161.414423
329932.444324  4123333.681972  157.444827
329934.802906  4123333.434778  156.956361
329937.138796  4123333.169811  154.072699
329939.490060  4123332.782450  153.350161
329941.850179  4123332.362993  151.040199
329944.219768  4123331.842537  136.090987
329946.150912  4123330.844222  117.251711
329947.312775  4123329.633649  98.401200
329947.944688  4123328.276855  79.374681
329948.100890  4123326.777292  67.076545
329947.913161  4123325.090734  65.788246
329947.645369  4123323.094275  67.303811
329947.423883  4123321.030005  67.502303
329947.195080  4123318.825568  68.145574
329946.991920  4123316.628206  66.435824
329946.723025  4123314.435731  65.606415
329946.417296  4123312.210069  65.860457
329946.136286  4123310.094838  64.860400
329945.866650  4123308.305093  64.073264
329945.777243  4123307.762366  178.849715
329945.785791  4123307.764724  50.227997
329945.774599  4123307.738611  63.534911
329945.614293  4123306.819438  62.693622
329945.333341  4123305.337405  63.085435
329945.014758  4123303.591717  80.062273
329945.256072  4123301.516992  104.146692
329946.355092  4123299.667411  120.732091
329948.045612  4123298.107672  133.542550
329950.035170  4123296.964301  145.515675
329952.206436  4123296.262488  152.110107
329954.455427  4123295.812368  156.900926
329956.696977  4123295.555906  158.114725
329958.943814  4123295.346951  159.518830
329961.184440  4123295.193843  159.786433
329963.422113  4123295.051434  155.339021
329965.652778  4123294.734404  155.687150
329967.889037  4123294.430429  156.207191
329970.119394  4123294.147849  156.379959
329972.366845  4123293.869987  156.207155
329974.654389  4123293.580160  156.119834
329976.876197  4123293.295221  156.468643
329979.103599  4123293.023337  157.410000
329981.367838  4123292.784640  156.891976
329983.637977  4123292.524547  157.245655
329985.885120  4123292.281133  159.291413
329988.100100  4123292.120942  172.440339
329990.259181  4123292.463386  -166.923179
329992.143263  4123293.535822  -149.588831
329993.676650  4123295.179214  -135.326103
329994.778354  4123297.187020  -124.033117
329995.464366  4123299.367941  -118.994415
329995.958459  4123301.611034  -117.283624
329996.381219  4123303.845958  -116.356230
329996.766839  4123306.082146  -115.128765
329997.101173  4123308.304185  -113.767643
329997.381271  4123310.522770  -114.167714
329997.657003  4123312.590490  -111.639060
329997.851627  4123314.785493  -114.370809
329998.117091  4123316.723743  -114.024038
329998.395162  4123318.849671  -113.608993
329998.648204  4123320.899618  -111.806333
329998.840800  4123323.001962  -96.881739
329998.497237  4123325.013935  -76.467829
329997.444225  4123326.830166  -56.770010
329995.800939  4123328.218748  -38.609385
329993.771415  4123329.040267  -27.956363
329991.696939  4123329.457963  -23.980317
329989.626643  4123329.727150  -23.041729
329987.556655  4123329.961885  -22.099335
329985.486975  4123330.162167  -24.746517
329983.456465  4123330.453843  -25.012792
329981.394410  4123330.759839  -24.075068
329979.332661  4123331.031383  -23.792829
329977.273864  4123331.292227  -23.224952
329975.220969  4123331.531675  -23.365570
329972.947868  4123331.802464  -23.099165
329970.706312  4123332.058931  -25.053393
329968.404000  4123332.402247  -24.371992
329966.061901  4123332.723071  -24.618679
329963.716851  4123333.054591  -25.618405
329961.388588  4123333.425282  -26.169250
329959.034374  4123333.823348  -24.864459
329956.686371  4123334.165566  -23.380967
329954.327484  4123334.447218  -22.054362
329951.974807  4123334.673021  -23.300285
329949.607372  4123334.952312  -23.466092
329947.228437  4123335.239943  -23.385833
329944.840953  4123335.525215  -23.792594
329942.467613  4123335.825901  -24.208490
329940.137011  4123336.138377  -22.444637
329937.827071  4123336.375969  -23.792531
329935.510919  4123336.669407  -23.540697
329933.197719  4123336.952146  -23.708997
329930.873019  4123337.243224  -23.043597
329928.537127  4123337.508190  -18.198275
329926.191581  4123337.574780  -1.420595
329923.949166  4123336.967568  17.980868
329922.024494  4123335.642157  36.859809
329920.650068  4123333.789339  56.452837
329919.978517  4123331.589374  66.666649
329919.707598  4123329.304239  65.759543
329919.396891  4123326.996614  66.572380
329919.117733  4123324.674669  67.278411
329918.867168  4123322.349100  68.080520
329918.648150  4123320.009212  67.781522
329918.417633  4123317.677663  67.974999
329918.193021  4123315.324717  67.276397
329917.939814  4123312.975395  66.964076
329917.704193  4123310.895711  68.257982
329917.470237  4123308.309939  69.573067
329917.311362  4123305.952107  70.302757
329917.183727  4123303.614408  71.968789
329917.130864  4123301.539100  83.726044
329917.503351  4123299.489055  120.100472
329918.759239  4123298.304430  139.370583
329920.416735  4123297.564477  136.081749
329921.897376  4123296.798749  149.283258
329923.380226  4123296.425053  155.921361
329924.735660  4123296.246449  156.017512
329925.756510  4123296.113675  161.478450
329926.759341  4123296.079541  162.043281
329927.027882  4123296.073050  163.632444
329927.239234  4123296.073804  166.743562
329927.556107  4123296.092162  169.581196
329927.761556  4123296.114311  170.712965
329928.072527  4123296.154065  173.135318
329928.292119  4123296.191630  178.853224
329928.608377  4123296.278892  -178.161665
329928.810566  4123296.346192  -177.169338
329929.112373  4123296.452491  -177.169338
329929.263277  4123296.505641  -171.009752
329929.320158  4123296.532848  30.892832
329929.306015  4123296.517433  22.509184
329929.155727  4123296.395378  30.890901
329929.028437  4123296.256646  26.232789
329928.815980  4123296.059875  25.966180
329928.654501  4123295.911708  32.576577
329928.445303  4123295.669789  34.425124
329928.301226  4123295.491886  30.891240
329928.046647  4123295.214419  30.891124
329927.891071  4123295.044856  27.938631
329927.630589  4123294.788786  38.694450
329927.472676  4123294.561015  29.437340
329927.215146  4123294.294247  27.694702
329927.033928  4123294.117608  25.756328
329926.761945  4123293.869877  23.995947
329926.583371  4123293.716993  22.032529
329926.296938  4123293.488299  15.572383
329926.100961  4123293.365151  12.530907
329925.813912  4123293.205362  6.358735
329925.657413  4123293.139155  3.469543
329925.398343  4123293.044648  -1.146865
329925.235940  4123292.999838  -6.443429
329924.999253  4123292.957556  -9.064127
329924.839495  4123292.936500  -5.916227
329924.708329  4123292.911821  -1.147054
329924.691235  4123292.907104  146.815847
329924.711281  4123292.901124  -91.146279
329924.708329  4123292.911821  146.817344
329924.728377  4123292.905841  161.478756
329924.765518  4123292.904577  160.622893
329924.942680  4123292.895896  166.398550
329925.096844  4123292.903897  159.540423
329925.331193  4123292.887972  171.347893
329925.499500  4123292.911386  169.379066
329925.767733  4123292.939347  157.791429
329925.890659  4123292.927215  -178.834834
329926.152679  4123293.011024  -174.935644
329926.343369  4123293.086664  -171.547083
329926.644869  4123293.227416  -169.363960
329926.838202  4123293.326810  -171.547083
329927.139701  4123293.467562  -155.655415
329927.295586  4123293.602673  -152.443051
329927.527782  4123293.827914  -152.593309
329927.694857  4123293.989137  -150.649535
329927.938245  4123294.240491  -149.108748
329928.093820  4123294.410054  -146.682960
329928.308613  4123294.665031  -158.501336
329928.467449  4123294.789443  -165.835462
329928.720308  4123294.939798  -146.604366
329928.858789  4123295.104644  -171.009601
329929.143193  4123295.240679  -165.192296
329929.511560  4123295.465353  -167.366642
329929.902877  4123295.684101  -173.130031
329930.481374  4123295.934943  -175.405316
329930.872622  4123296.086438  -178.781137
329931.456018  4123296.273644  180.000000
329932.005654  4123296.437206  -178.754648
329932.576558  4123296.620694  -176.987237
329933.043809  4123296.786936  180.000000
329933.518496  4123296.928194  177.563376
329934.113043  4123297.077925  157.017595
329934.631196  4123297.019710  160.350360
329936.377171  4123296.925837  152.770926
329938.560122  4123296.515061  133.096901
329940.391950  4123295.443296  113.860243
329941.765904  4123293.830749  95.675198
329942.557214  4123291.896266  81.067587
329942.835673  4123289.820277  67.192216
329942.613884  4123287.790460  53.791447
329941.939568  4123285.900568  42.536553
329940.983359  4123284.302313  10.631702
329939.352500  4123283.464030  -14.803024
329937.349133  4123283.402154  -20.046153
329935.262979  4123283.528802  -19.468509
329933.182728  4123283.634053  -18.739044
329931.091286  4123283.713191  -21.272506
329929.001873  4123283.884988  -20.539316
329926.901266  4123284.030669  -18.880525
329924.789777  4123284.115788  -18.735176
329922.661193  4123284.196187  -20.662728
329920.540540  4123284.347849  -21.699038
329918.399533  4123284.539945  -20.380291
329916.281830  4123284.680907  -20.380291
