329942.437838  4123339.180007  158.937753
329941.372163  4123339.322224  158.995809
329939.493644  4123339.570981  158.734540
329937.575741  4123339.833858  158.148909
329935.681459  4123340.113251  158.643831
329933.772219  4123340.378020  158.697407
329931.825961  4123340.646068  159.176325
329929.864744  4123340.899491  159.614154
329927.925587  4123341.135013  160.089664
329925.971470  4123341.355911  161.478401
329924.046513  4123341.526379  162.718911
329922.094006  4123341.656756  161.928888
329920.080054  4123341.819157  160.568543
329917.758122  4123342.061997  159.695050
329915.139237  4123342.376324  161.535639
329912.502270  4123342.607191  160.598357
329909.929873  4123342.874872  160.243547
329908.097843  4123343.076988  160.105074
329907.548863  4123343.138896  178.856174
329907.540200  4123343.137005  160.875407
329907.289734  4123343.161844  160.974669
329906.390264  4123343.249475  161.021597
329904.406232  4123343.441128  159.839905
329901.462848  4123343.786856  160.508610
329898.973151  4123344.049875  160.649554
329896.605538  4123344.294108  161.099247
329894.214306  4123344.521826  160.396131
329891.844327  4123344.776903  158.963402
329889.451485  4123345.095144  159.752462
329887.094100  4123345.375689  160.029649
329884.804456  4123345.636945  165.580756
329882.436133  4123345.676563  179.139710
329880.272777  4123345.192973  -165.206049
329878.315190  4123344.140911  -143.210741
329876.676127  4123342.170144  -120.295803
329875.932742  4123339.713347  -117.784763
329875.379848  4123337.548032  -120.247281
329874.726928  4123335.383600  -122.414437
329873.988942  4123333.234677  -120.888252
329873.303736  4123331.051840  -101.868265
329873.369972  4123328.669542  -74.744750
329874.531664  4123326.549083  -56.014997
329876.290963  4123324.933923  -47.446362
329878.238388  4123323.621085  -40.074124
329880.307004  4123322.584601  -29.425771
329882.514091  4123321.953192  -25.360825
329884.711665  4123321.490092  -22.429257
329886.553969  4123321.199341  -10.217367
329888.311070  4123321.298917  15.721267
329889.880438  4123322.175365  39.137317
329890.995936  4123323.634281  60.727011
329891.482833  4123325.353548  72.039158
329891.624730  4123327.156533  74.383029
329891.694153  4123329.000492  70.245648
329891.898252  4123330.851132  53.923600
329892.600962  4123332.537996  25.764789
329893.987512  4123333.669872  9.344373
329895.616805  4123334.354939  -8.425044
329897.362069  4123334.508730  -22.571598
329899.101979  4123334.229707  -22.800550
329900.852920  4123333.941734  -23.333665
329902.532190  4123333.649476  -22.161334
329904.428837  4123333.359233  -27.056377
329906.527189  4123332.851762  -38.193340
329908.484707  4123331.950060  -60.573886
329909.932101  4123330.391768  -75.318364
329910.944075  4123328.499889  -90.449820
329911.436321  4123326.369610  -105.534051
329911.357572  4123324.194202  -113.666250
329910.963788  4123322.006820  -113.999602
329910.562902  4123319.851964  -112.701170
329910.221853  4123317.755607  -111.838646
329910.031727  4123316.464610  -114.074909
329909.956265  4123316.061930  0.000000
329909.956265  4123316.061930  -1.150285
329909.964928  4123316.063821  178.849715
329909.956265  4123316.061930  -106.060181
329909.953140  4123315.993094  -113.454819
329909.722066  4123314.681799  -112.701195
329909.381016  4123312.585441  -112.821007
329909.006163  4123310.311320  -112.510945
329908.646269  4123308.051822  -112.322720
329908.283250  4123305.723489  -112.527523
329907.907637  4123303.369688  -113.422622
329907.498935  4123301.042742  -113.828603
329907.076836  4123298.735590  -114.017036
329906.642145  4123296.402970  -115.909548
329906.131048  4123294.087750  -114.908909
329905.659338  4123291.758408  -112.923461
329905.293902  4123289.565856  -111.085722
329905.021347  4123287.529888  -109.560250
329904.797644  4123285.436429  -111.793238
329904.495169  4123283.371211  -132.477441
329903.498718  4123281.574791  -156.143123
329901.849144  4123280.317345  -175.995421
329899.844921  4123279.686744  171.538007
329897.760984  4123279.504465  156.207312
329895.747734  4123279.871489  135.721467
329894.005175  4123280.910991  108.892611
329893.132797  4123282.288110  89.780747
329892.756528  4123283.887113  75.343316
329892.790590  4123285.518891  68.352840
329893.053772  4123287.348349  69.113535
329893.308246  4123289.300857  78.332322
329893.242902  4123291.388015  95.504035
329892.571154  4123293.342804  111.859198
329891.351318  4123295.064361  121.805609
329889.857484  4123296.544364  133.770712
329888.210220  4123297.604668  153.104005
329886.247343  4123298.073564  168.939346
329884.250801  4123297.989876  -178.965720
329882.274891  4123297.479050  -166.260875
329880.430669  4123296.531248  -164.720738
329878.606944  4123295.531127  -179.301230
329876.602677  4123295.025472  158.960996
329874.630425  4123295.287860  146.541475
329872.776952  4123295.962384  132.612240
329871.043017  4123297.128721  116.535873
329869.705878  4123298.722445  102.118891
329868.804969  4123300.604493  88.852750
329868.362391  4123302.632025  81.806719
329868.176576  4123304.647449  63.903366
329868.599623  4123306.534521  42.687236
329869.599337  4123308.024954  23.215470
329871.152856  4123309.181914  5.727498
329872.991675  4123309.821839  -10.557611
329874.957492  4123309.921535  -16.621866
329876.950951  4123309.811445  -19.056975
329878.926326  4123309.617893  -19.289505
329881.089161  4123309.397108  -20.564083
329883.374884  4123309.112276  -20.346469
329885.686597  4123308.833118  -20.159361
329887.987281  4123308.562911  -21.158289
329890.269076  4123308.254505  -21.417327
329892.553238  4123307.935257  -23.961510
329894.832711  4123307.512755  -23.453965
329897.107453  4123307.111939  -22.189233
329899.398716  4123306.760166  -21.593158
329900.279301  4123306.634333  -20.539415
329900.577816  4123306.597265  -22.374362
329900.850342  4123306.554523  0.000000
329900.850342  4123306.554523  -19.993983
329901.055127  4123306.531071  -22.131377
329902.219269  4123306.353545  -23.407448
329903.719747  4123306.090413  -23.792664
329905.279304  4123305.806099  -22.712811
329907.067267  4123305.514848  -21.917124
329909.234080  4123305.192707  -22.475228
329911.433982  4123304.843712  -26.418425
329913.612675  4123304.342420  -34.767072
329915.517370  4123303.599573  -41.633721
329917.295339  4123302.647319  -52.719826
329918.852898  4123301.374334  -72.630990
329919.854557  4123299.696026  -87.084486
329920.136872  4123298.735339  -94.783514
329920.284509  4123297.767970  -102.711064
329920.296664  4123296.839182  -110.182268
329920.236207  4123296.326188  -112.923324
329920.181196  4123295.996126  -115.686656
329920.090775  4123295.578821  -111.753056
329920.061706  4123295.379372  -121.794005
329919.700596  4123294.289590  -117.951740
329919.489031  4123293.470992  -118.401652
329919.244422  4123292.554310  -116.668774
329919.014015  4123291.572572  -115.686725
329918.797003  4123290.571041  -116.212435
329918.575258  4123289.591195  -109.367302
329918.516213  4123289.020453  -121.428137
329918.381869  4123288.606179  -115.686656
329918.291448  4123288.188874  -114.484968
329918.175887  4123287.595696  -115.686714
329918.085465  4123287.178392  -114.102511
329917.900739  4123286.195267  -114.075036
329917.787545  4123285.591247  -113.519084
329917.718378  4123285.201300  -113.633268
329917.542314  4123284.220066  -113.309335
329917.437784  4123283.617937  -112.357216
329917.373351  4123283.206306  -113.519084
329917.304184  4123282.816359  -112.519429
329917.212246  4123282.239697  -110.564309
329917.162772  4123281.842689  -113.325103
329917.062170  4123281.264137  -113.708613
329917.008721  4123280.968493  -91.146176
329917.011088  4123280.957650  67.076518
329917.034665  4123281.099105  68.610912
329917.055874  4123281.251403  68.022580
329917.092802  4123281.498004  65.574493
329917.122674  4123281.652192  68.611017
329917.165093  4123281.956787  69.302768
329917.191794  4123282.167078  68.610844
329917.234213  4123282.471673  70.641977
329917.254619  4123282.669231  69.483745
329917.290742  4123282.961093  64.652298
329917.330840  4123283.151590  62.317013
329917.403981  4123283.440174  60.810524
329917.455110  4123283.621719  57.585574
329917.560536  4123283.928709  51.910365
329917.658908  4123284.143287  44.686204
329917.763975  4123284.312394  45.987038
329917.965100  4123284.653127  36.034703
329918.203641  4123284.932380  27.406691
329918.379221  4123285.084298  20.946160
329918.671350  4123285.284375  17.475120
329918.880019  4123285.409439  7.968894
329919.206041  4123285.537401  1.609062
329919.428910  4123285.597410  -5.124364
329919.745510  4123285.643803  -12.470778
329919.971551  4123285.647709  -22.075185
329920.309452  4123285.596520  -16.367816
329920.520534  4123285.585802  -23.240087
329920.869465  4123285.525661  -15.761203
329921.089209  4123285.516834  -21.356122
329921.407418  4123285.472706  -23.792678
329921.577552  4123285.441690  -18.521405
329921.799664  4123285.422021  -19.603935
329921.939075  4123285.407016  -20.823399
329922.004450  4123285.398569  178.849715
329921.995787  4123285.396678  146.817346
329921.976093  4123285.403738  0.000000
329921.976093  4123285.403738  0.000000
329921.976093  4123285.403738  0.000000
329921.976093  4123285.403738  161.478270
329921.902056  4123285.410295  156.207055
329921.845346  4123285.420634  161.478758
329921.697271  4123285.433746  160.396065
329921.557859  4123285.448751  155.328021
329921.339677  4123285.491996  155.020390
329921.178206  4123285.524902  153.710346
329920.796186  4123285.611897  146.815160
329920.441717  4123285.738983  138.452834
329920.184908  4123285.876027  131.526312
329920.024195  4123285.988613  127.477353
329919.814631  4123286.158689  118.566903
329919.694866  4123286.291572  108.966038
329919.542770  4123286.530988  105.532400
329919.452924  4123286.693120  93.537801
329919.325968  4123287.108409  81.608964
329919.282470  4123287.598712  72.733928
329919.318501  4123288.140453  73.939696
329919.359128  4123289.035327  72.805928
329919.396722  4123289.611485  76.137642
329919.400996  4123290.221391  78.331219
329919.381124  4123290.856520  83.443049
329919.309920  4123291.444584  83.659808
329919.271956  4123291.748484  82.424391
329919.179807  4123292.642436  76.825354
329919.178107  4123292.982836  72.402375
329919.216504  4123293.513734  69.147235
329919.260486  4123293.852747  68.347539
329919.339832  4123294.403942  66.399159
329919.401139  4123294.746738  67.076702
329919.495444  4123295.312557  67.677339
329919.555947  4123295.700614  66.291474
329919.662844  4123296.291900  68.247128
329919.720980  4123296.690798  68.500278
329919.860025  4123297.675310  65.349268
329920.045554  4123298.613174  54.512496
329920.393360  4123299.472871  38.032600
329921.618304  4123301.012477  17.289735
329923.337267  4123302.035177  -2.078119
329925.345506  4123302.439480  -19.623071
329927.399655  4123302.217699  -24.452163
329929.437330  4123301.821936  -33.184824
329931.386905  4123301.122967  -51.754630
329933.009841  4123299.841537  -70.851554
329934.125730  4123298.097294  -87.950553
329934.678575  4123296.105192  -101.241730
329934.758887  4123294.032659  -110.876532
329934.491072  4123291.975005  -113.137491
329934.120911  4123289.804137  -113.023404
329933.729539  4123287.480971  -113.716351
329933.305883  4123285.139400  -113.122399
329932.908214  4123282.803500  -114.109552
329932.467230  4123280.458146  -114.410354
329932.015217  4123278.121743  -117.943436
329931.415127  4123275.798452  -129.437206
329930.374697  4123273.663016  -149.221614
329928.660692  4123271.993933  -167.302244
329926.537689  4123270.951190  176.937871
329924.251423  4123270.531634  161.414423
329921.890891  4123270.743332  157.444827
329919.549202  4123271.118171  156.956361
329917.231136  4123271.509525  154.072699
329914.904361  4123272.023929  153.350161
329912.570486  4123272.570860  151.040199
329910.232637  4123273.219156  136.090987
329908.358522  4123274.320811  117.251711
329907.264074  4123275.592659  98.401200
329906.706732  4123276.981749  79.374681
329906.632148  4123278.487580  67.076545
329906.911136  4123280.161463  65.788246
329907.286889  4123282.140446  67.303811
329907.620085  4123284.189652  67.502303
329907.968194  4123286.378422  68.145574
329908.290315  4123288.561519  66.435824
329908.677809  4123290.736168  65.606415
329909.103883  4123292.941957  65.860457
329909.499281  4123295.038819  64.860400
329909.865656  4123296.811291  64.073264
329909.984387  4123297.348366  178.849715
329909.975724  4123297.346475  50.227997
329909.988317  4123297.371942  63.534911
329910.198274  4123298.281060  62.693622
329910.559248  4123299.745660  63.085435
329910.972107  4123301.471485  80.062273
329910.843752  4123303.556248  104.146692
329909.846736  4123305.462751  120.732091
329908.243361  4123307.111943  133.542550
329906.318791  4123308.361610  145.515675
329904.188815  4123309.180232  152.110107
329901.967569  4123309.751751  156.900926
329899.743242  4123310.129493  158.114725
329897.511058  4123310.460085  159.518830
329895.282045  4123310.734575  159.786433
329893.055399  4123310.998223  155.339021
329890.845228  4123311.435853  155.687150
329888.628763  4123311.860750  156.207191
329886.417030  4123312.263964  156.379959
329884.187973  4123312.663395  156.207155
329881.919530  4123313.076949  156.119834
329879.716462  4123313.482055  156.468643
329877.507099  4123313.874428  157.410000
329875.259153  4123314.235663  156.891976
329873.006476  4123314.618582  157.245655
329870.775856  4123314.983600  159.291413
329868.572835  4123315.263770  172.440339
329866.398350  4123315.039013  -166.923179
329864.458840  4123314.070415  -149.588831
329862.838519  4123312.512668  -135.326103
329861.629467  4123310.567615  -124.033117
329860.826099  4123308.427141  -118.994415
329860.210993  4123306.214171  -117.283624
329859.667557  4123304.005486  -116.356230
329859.161139  4123301.793524  -115.128765
329858.706698  4123299.592906  -113.767643
329858.306601  4123297.392792  -114.167714
329857.919052  4123295.343085  -111.639060
329857.605583  4123293.161881  -114.370809
329857.235313  4123291.240895  -114.024038
329856.842270  4123289.133192  -113.608993
329856.478341  4123287.100001  -111.806333
329856.171926  4123285.011208  -96.881739
329856.405785  4123282.983554  -76.467829
329857.358671  4123281.112849  -56.770010
329858.924170  4123279.637125  -38.609385
329860.906116  4123278.706667  -27.956363
329862.954865  4123278.176996  -23.980317
329865.007499  4123277.795842  -23.041729
329867.061696  4123277.449107  -22.099335
329869.117456  4123277.136790  -24.746517
329871.129142  4123276.735340  -25.012792
329873.171550  4123276.317879  -24.075068
329875.215522  4123275.934836  -23.792829
329877.257128  4123275.562637  -23.224952
329879.294001  4123275.212122  -23.365570
329881.549055  4123274.818362  -23.099165
329883.773388  4123274.440615  -25.053393
329886.053673  4123273.972849  -24.371992
329888.374908  4123273.525383  -24.618679
329890.698508  4123273.067075  -25.618405
329893.003221  4123272.570566  -26.169250
329895.332360  4123272.045314  -24.864459
329897.658328  4123271.576165  -23.380967
329899.998452  4123271.166902  -22.054362
329902.335407  4123270.813742  -23.300285
329904.684194  4123270.406372  -23.466092
329907.044012  4123269.990051  -23.385833
329909.412494  4123269.575621  -23.792594
329911.766016  4123269.146567  -24.208490
329914.076223  4123268.708060  -22.444637
329916.369864  4123268.345449  -23.792531
329918.666675  4123267.926736  -23.540697
329920.961121  4123267.518867  -23.708997
329923.266597  4123267.102047  -23.043597
329925.584665  4123266.710694  -18.198275
329927.923139  4123266.516899  -1.420595
329930.195205  4123267.001511  17.980868
329932.188976  4123268.220508  36.859809
329933.661936  4123269.996000  56.452837
329934.451898  4123272.156275  66.666649
329934.846442  4123274.423337  65.759543
329935.281935  4123276.710698  66.572380
329935.686704  4123279.014070  67.278411
329936.063117  4123281.322611  68.080520
329936.408807  4123283.647164  67.781522
329936.765527  4123285.962765  67.974999
329937.117512  4123288.300052  67.276397
329937.497853  4123290.632169  66.964076
329937.846000  4123292.696000  68.257982
329938.219952  4123295.265263  69.573067
329938.506561  4123297.610997  70.302757
329938.760885  4123299.938323  71.968789
329938.926305  4123302.007703  83.726044
329938.665632  4123304.074942  120.100472
329937.475890  4123305.325984  139.370583
329935.860997  4123306.154806  136.081749
329934.424098  4123306.999765  149.283258
329932.963715  4123307.453390  155.921361
329931.619972  4123307.705296  156.017512
329930.607833  4123307.893280  161.478450
329929.608333  4123307.981792  -19.228766
329929.821781  4123307.960231  -21.356187
329930.139989  4123307.916103  -22.860961
329930.347141  4123307.881809  -16.541652
329930.806323  4123307.857095  -20.998071
329931.292297  4123307.792794  -28.411524
329931.619972  4123307.705296  -20.020378
329931.858094  4123307.677915  -23.928596
329932.288834  4123307.598333  -24.907488
329932.706242  4123307.513815  -22.121897
329933.201819  4123307.438326  -20.722543
329933.528600  4123307.396687  -13.011141
329934.037448  4123307.400681  -15.945253
329934.257132  4123307.391150  -1.609040
329934.586120  4123307.460189  -2.562427
329934.871608  4123307.515158  -0.645528
329935.210447  4123307.592235  2.870208
329935.541922  4123307.689361  12.171485
329935.762878  4123307.795378  13.109163
329936.077778  4123307.952862  13.137941
329936.309477  4123308.068883  22.276194
329936.470640  4123308.184848  9.918218
329936.736019  4123308.299573  13.467613
329936.932096  4123308.399171  10.266030
329937.188813  4123308.512006  19.199907
329937.403777  4123308.649803  14.817845
329937.688045  4123308.802729  19.915063
329937.894347  4123308.938636  12.906503
329938.180982  4123309.080719  12.262269
329938.353436  4123309.163801  12.059951
329938.616448  4123309.289369  9.485918
329938.782607  4123309.359717  8.327291
329939.033028  4123309.459818  3.064012
329939.177931  4123309.502809  -6.646058
329939.407900  4123309.530292  -1.146786
329939.520518  4123309.554875  -20.823399
329939.651267  4123309.537981  -12.930295
329939.705611  4123309.538484  -33.184154
329939.744996  4123309.524364  0.000000
329939.744996  4123309.524364  0.000000
329939.744996  4123309.524364  178.856176
329939.727671  4123309.520581  167.069705
329939.673326  4123309.520078  156.207929
329939.588259  4123309.535585  160.622893
329939.411830  4123309.553868  161.478635
329939.263756  4123309.566980  158.506562
329939.010921  4123309.602661  171.347842
329938.841593  4123309.588416  172.361973
329938.353297  4123309.538620  -174.284484
329937.914659  4123309.386072  -173.441073
329937.603598  4123309.272734  -163.064977
329937.418551  4123309.164185  -159.232122
329936.976030  4123308.863123  -155.363042
329936.534313  4123308.516800  -150.747520
329936.292602  4123308.293651  -153.358388
329935.855618  4123307.925644  -150.660352
329935.436700  4123307.537715  -158.098713
329935.074093  4123307.280384  -174.263555
329934.682967  4123307.144200  -175.957352
329934.150038  4123306.976132  -175.601361
329933.648725  4123306.814603  179.071010
329933.015872  4123306.673934  173.776209
329932.372769  4123306.592268  174.472498
329931.749733  4123306.505445  167.471134
329931.004974  4123306.493329  158.875310
329930.060756  4123306.620386  160.866350
329929.018323  4123306.723934  160.559971
329927.931903  4123306.837722  159.227738
329926.689175  4123306.997170  162.181118
329925.504540  4123307.087450  161.241331
329924.378833  4123307.191835  161.175344
329923.444019  4123307.279605  160.346163
329922.548491  4123307.376779  160.325428
329919.958746  4123307.658742  152.770926
329917.801308  4123308.187390  133.096901
329916.030349  4123309.356996  113.860243
329914.745939  4123311.041737  95.675198
329914.060788  4123313.016316  81.067587
329913.895412  4123315.104358  67.192216
329914.227040  4123317.119146  53.791447
329915.002935  4123318.969655  42.536553
329916.044478  4123320.513657  10.631702
329917.718431  4123321.262191  -14.803024
329919.722203  4123321.215244  -20.046153
329921.798409  4123320.975559  -19.468509
329923.869881  4123320.757560  -18.739044
329925.953945  4123320.565027  -21.272506
329928.030955  4123320.280083  -20.539316
329930.120558  4123320.020607  -18.880525
329932.224316  4123319.821015  -18.735176
329934.345399  4123319.625208  -20.662728
329936.454695  4123319.358672  -21.699038
329938.582121  4123319.050658  -20.380291
329940.689051  4123318.794967  -20.380291
