329908.936026  4123318.180878  158.995809
329908.622476  4123316.312082  158.734540
329908.293452  4123314.404413  158.148909
329907.948739  4123312.520923  158.643831
329907.618124  4123310.621977  158.697407
329907.282952  4123308.686149  159.176325
329906.961879  4123306.734865  159.614154
329906.659459  4123304.805009  160.089664
329906.371138  4123302.859698  161.478401
329906.134224  4123300.941785  162.718911
329905.936424  4123298.994952  161.928888
329905.704496  4123296.987818  160.568543
329905.381530  4123294.675669  159.695050
329904.976853  4123292.069217  161.535639
329904.654962  4123289.441807  160.598357
329904.298510  4123286.880202  160.243547
329904.033180  4123285.056254  160.105074
329903.952330  4123284.509742  178.856174
329903.953921  4123284.501019  160.875407
329903.920437  4123284.251562  160.974669
329903.801764  4123283.355659  161.021597
329903.541635  4123281.379439  159.839905
329903.094358  4123278.449766  160.508610
329902.745425  4123275.970650  160.649554
329902.419487  4123273.612896  161.099247
329902.109238  4123271.230965  160.396131
329901.772381  4123268.871222  158.963402
329901.371607  4123266.490812  159.752462
329901.009732  4123264.144535  160.029649
329900.669477  4123261.865291  165.580756
329900.548007  4123259.499754  179.139710
329900.956519  4123257.320972  -165.206049
329901.940276  4123255.328185  -143.210741
329903.853202  4123253.621970  -120.295803
329906.282830  4123252.794095  -117.784763
329908.427737  4123252.166675  -120.247281
329910.568302  4123251.439318  -122.414437
329912.690428  4123250.627483  -120.888252
329914.848273  4123249.867224  -101.868265
329917.231437  4123249.851062  -74.744750
329919.390789  4123250.938754  -56.014997
329921.065804  4123252.641163  -47.446362
329922.445182  4123254.542038  -40.074124
329923.552560  4123256.573585  -29.425771
329924.259893  4123258.757524  -25.360825
329924.798689  4123260.937775  -22.429257
329925.152956  4123262.768926  -10.217367
329925.114184  4123264.528419  15.721267
329924.292515  4123266.127148  39.137317
329922.873035  4123267.292416  60.727011
329921.171628  4123267.838458  72.039158
329919.374627  4123268.042602  74.383029
329917.534169  4123268.175731  70.245648
329915.691691  4123268.443687  53.923600
329914.030130  4123269.204293  25.764789
329912.946865  4123270.629144  9.344373
329912.318533  4123272.281147  -8.425044
329912.225170  4123274.030684  -22.571598
329912.564176  4123275.759908  -22.800550
329912.912509  4123277.499847  -23.333665
329913.262646  4123279.168010  -22.161334
329913.618285  4123281.053489  -27.056377
329914.197995  4123283.133043  -38.193340
329915.166831  4123285.058218  -60.573886
329916.774229  4123286.450875  -75.318364
329918.699962  4123287.396840  -90.449820
329920.845985  4123287.815146  -105.534051
329923.017371  4123287.661238  -113.666250
329925.189832  4123287.192069  -113.999602
329927.329540  4123286.716927  -112.701170
329929.412854  4123286.303609  -111.838646
329930.696506  4123286.068965  -114.074909
329931.096337  4123285.979628  0.000000
329931.096337  4123285.979628  -1.150285
329931.094747  4123285.988351  178.849715
329931.096337  4123285.979628  -106.060181
329931.165024  4123285.974125  -113.454819
329932.467547  4123285.697856  -112.701195
329934.550861  4123285.284537  -112.821007
329936.810664  4123284.831289  -112.510945
329939.056369  4123284.393497  -112.322720
329941.370761  4123283.950202  -112.527523
329943.710169  4123283.493440  -113.422622
329946.021595  4123283.004538  -113.828603
329948.312776  4123282.502931  -114.017036
329950.628974  4123281.987858  -115.909548
329952.925141  4123281.397028  -114.908909
329955.236782  4123280.845072  -112.923461
329957.415390  4123280.404055  -111.085722
329959.440719  4123280.061278  -109.560250
329961.525193  4123279.765335  -111.793238
329963.578719  4123279.391645  -132.477441
329965.339618  4123278.333685  -156.143123
329966.539284  4123276.641626  -175.995421
329967.100220  4123274.616800  171.538007
329967.210347  4123272.527808  156.207312
329966.773942  4123270.528450  135.721467
329965.674819  4123268.822869  108.892611
329964.268365  4123267.998620  89.780747
329962.657309  4123267.677856  75.343316
329961.027684  4123267.768309  68.352840
329959.208418  4123268.094581  69.113535
329957.265875  4123268.416402  78.332322
329955.177705  4123268.423253  95.504035
329953.200862  4123267.819485  111.859198
329951.438162  4123266.659894  121.805609
329949.907401  4123265.218118  133.770712
329948.790783  4123263.608495  153.104005
329948.254310  4123261.663002  168.939346
329948.268924  4123259.664760  -178.965720
329948.711136  4123257.672371  -166.260875
329949.594614  4123255.796485  -164.720738
329950.531090  4123253.939275  -179.301230
329950.967153  4123251.918725  158.960996
329950.636739  4123249.956723  146.541475
329949.898542  4123248.127677  132.612240
329948.672958  4123246.435100  116.535873
329947.033961  4123245.153857  102.118891
329945.121892  4123244.318551  88.852750
329943.080272  4123243.946331  81.806719
329941.059629  4123243.830302  63.903366
329939.188310  4123244.318335  42.687236
329937.733329  4123245.368977  23.215470
329936.630768  4123246.961565  5.727498
329936.054795  4123248.821407  -10.557611
329936.023118  4123250.789495  -16.621866
329936.202059  4123252.777957  -19.056975
329936.463786  4123254.745460  -19.289505
329936.759210  4123256.899369  -20.564083
329937.122892  4123259.173879  -20.346469
329937.481801  4123261.474559  -20.159361
329937.831384  4123263.764527  -21.158289
329938.218489  4123266.034296  -21.417327
329938.616512  4123268.306056  -23.961510
329939.117566  4123270.569560  -23.453965
329939.596782  4123272.829086  -22.189233
329940.027556  4123275.106818  -21.593158
329940.183756  4123275.982526  -20.539415
329940.231122  4123276.279582  -22.374362
329940.283260  4123276.550467  0.000000
329940.283260  4123276.550467  -19.993983
329940.313778  4123276.754319  -22.131377
329940.531443  4123277.911627  -23.407448
329940.846291  4123279.402111  -23.792664
329941.184350  4123280.950907  -22.712811
329941.537239  4123282.727733  -21.917124
329941.934096  4123284.882114  -22.475228
329942.358936  4123287.068636  -26.418425
329942.935247  4123289.228696  -34.767072
329943.743498  4123291.106572  -41.633721
329944.756649  4123292.850558  -52.719826
329946.082719  4123294.363177  -72.630990
329947.794652  4123295.306217  -87.084486
329948.764525  4123295.555151  -94.783514
329949.736419  4123295.669257  -102.711064
329950.665072  4123295.649296  -110.182268
329951.175670  4123295.571140  -112.923324
329951.503633  4123295.504751  -115.686656
329951.917563  4123295.399958  -111.753056
329952.115887  4123295.364011  -121.794005
329953.192534  4123294.965442  -117.951740
329954.003328  4123294.725704  -118.401652
329954.911006  4123294.449550  -116.668774
329955.884192  4123294.185341  -115.686725
329956.877622  4123293.933835  -116.212435
329957.849217  4123293.678349  -101.593922
329958.289322  4123293.677471  -132.742005
329958.417576  4123293.599608  -106.603878
329958.840626  4123293.561671  -116.034940
329959.207704  4123293.466361  -114.172066
329959.760598  4123293.341838  -113.519084
329960.147920  4123293.259232  -115.082588
329960.678979  4123293.130727  -114.226987
329961.031958  4123293.050874  -113.776469
329961.572344  4123292.933082  -112.923344
329961.947159  4123292.857209  -115.506092
329962.301727  4123292.768632  -113.360748
329962.829605  4123292.657573  -115.451001
329963.373172  4123292.522336  -112.923344
329963.747987  4123292.446463  -114.172158
329964.300881  4123292.321939  -111.106622
329964.428928  4123292.300220  88.853824
329964.418010  4123292.298229  0.000000
329964.418010  4123292.298229  0.000000
329964.418010  4123292.298229  0.000000
329964.418010  4123292.298229  67.076518
329964.371158  4123292.307713  68.247208
329964.172834  4123292.343659  65.130247
329963.936984  4123292.399803  69.585383
329963.751167  4123292.429017  67.076794
329963.563760  4123292.466953  65.574493
329963.257633  4123292.537323  64.105389
329962.949915  4123292.616417  67.076589
329962.739083  4123292.659096  67.760536
329962.400203  4123292.723494  66.045217
329962.176861  4123292.772905  68.404602
329961.827063  4123292.835313  67.076518
329961.592804  4123292.882734  72.524438
329961.247777  4123292.918973  71.924138
329961.005781  4123292.946956  66.045115
329960.782440  4123292.996368  59.904159
329960.469952  4123293.101630  50.228603
329960.182264  4123293.256480  43.082334
329960.000788  4123293.385629  36.621261
329959.825458  4123293.542939  29.350243
329959.596700  4123293.807677  21.498595
329959.408433  4123294.097824  16.227900
329959.304756  4123294.295237  9.357563
329959.218143  4123294.522799  10.325941
329959.093792  4123294.833613  4.352201
329959.030605  4123295.056434  0.790524
329958.960842  4123295.377199  -6.646256
329958.931569  4123295.723374  -10.418531
329958.927742  4123295.929978  -15.761204
329958.944161  4123296.149286  -29.562346
329958.997501  4123296.312649  -25.956245
329959.041345  4123296.482464  -25.969157
329959.070813  4123296.596497  -21.523597
329959.090517  4123296.707744  -21.346809
329959.117260  4123296.861497  -26.964356
329959.165864  4123297.036941  -22.209000
329959.188860  4123297.158304  -26.289392
329959.228920  4123297.309818  0.000000
329959.228920  4123297.309818  0.000000
329959.228920  4123297.309818  0.000000
329959.228920  4123297.309818  156.207456
329959.216626  4123297.253497  156.207626
329959.179748  4123297.084538  150.149495
329959.128771  4123296.931034  158.273124
329959.095073  4123296.744627  156.207474
329959.021315  4123296.406708  154.381735
329958.968962  4123296.198874  146.815076
329958.852908  4123295.907321  140.317213
329958.735050  4123295.687544  141.011468
329958.584653  4123295.398743  132.986548
329958.458842  4123295.222582  122.720545
329958.219296  4123294.989632  112.538263
329957.707024  4123294.643866  101.971083
329957.456131  4123294.535031  96.235514
329957.061718  4123294.409042  86.946216
329956.798101  4123294.369993  79.051764
329956.381421  4123294.366128  79.402505
329956.111444  4123294.361970  75.490830
329955.689993  4123294.384275  78.273432
329954.820700  4123294.388021  76.825354
329954.480444  4123294.398089  72.402375
329953.951190  4123294.454818  69.147235
329953.613900  4123294.510493  68.347539
329953.065778  4123294.608846  66.399159
329952.725307  4123294.681968  67.076702
329952.163086  4123294.795777  67.677339
329951.777353  4123294.869660  66.291474
329951.190115  4123294.996934  68.247128
329950.793465  4123295.068826  68.500278
329949.814349  4123295.241823  65.349268
329948.883460  4123295.459665  54.512496
329948.036301  4123295.836983  38.032600
329946.539962  4123297.114421  17.289735
329945.577300  4123298.867711  -2.078119
329945.242666  4123300.888727  -19.623071
329945.535329  4123302.933982  -24.452163
329946.001299  4123304.956757  -33.184824
329946.767249  4123306.881002  -51.754630
329948.104020  4123308.458667  -70.851554
329949.885797  4123309.513589  -87.950553
329951.895821  4123309.997235  -101.241730
329953.969891  4123310.005850  -110.876532
329956.017058  4123309.667060  -113.137491
329958.173830  4123309.222070  -113.023404
329960.482078  4123308.750618  -113.716351
329962.807603  4123308.246265  -113.122399
329965.128359  4123307.768079  -114.109552
329967.457066  4123307.246278  -114.410354
329969.776446  4123306.713763  -117.943436
329972.077602  4123306.033713  -129.437206
329974.175792  4123304.920081  -149.221614
329975.784623  4123303.149398  -167.302244
329976.753349  4123300.991616  176.937871
329977.093616  4123298.692212  161.414423
329976.800438  4123296.340410  157.444827
329976.344869  4123294.013079  156.956361
329975.873610  4123291.709928  154.072699
329975.279075  4123289.402327  153.350161
329974.651786  4123287.088756  151.040199
329973.923056  4123284.774716  136.090987
329972.757270  4123282.939807  117.251711
329971.448346  4123281.889983  98.401200
329970.040818  4123281.380995  79.374681
329968.533309  4123281.358514  67.076545
329966.870071  4123281.695203  65.788246
329964.905261  4123282.139147  67.303811
329962.868799  4123282.542987  67.502303
329960.693372  4123282.966556  68.145574
329958.522716  4123283.363956  66.435824
329956.362763  4123283.826398  65.606415
329954.173022  4123284.328474  65.860457
329952.091083  4123284.796126  64.860400
329950.332336  4123285.223559  64.073264
329949.799688  4123285.360786  178.849715
329949.801278  4123285.352063  50.227997
329949.776261  4123285.365528  63.534911
329948.874945  4123285.606789  62.693622
329947.423700  4123286.018180  63.085435
329945.713179  4123286.490456  80.062273
329943.625225  4123286.434250  104.146692
329941.685394  4123285.503740  120.732091
329939.981757  4123283.958337  133.542550
329938.666303  4123282.078120  145.515675
329937.774535  4123279.977718  152.110107
329937.126567  4123277.777557  156.900926
329936.672153  4123275.567619  158.114725
329936.264590  4123273.348198  159.518830
329935.913205  4123271.130007  159.786433
329935.572738  4123268.913806  155.339021
329935.058961  4123266.720086  155.687150
329934.557692  4123264.519635  156.207191
329934.078258  4123262.323164  156.379959
329933.602005  4123260.109248  156.207155
329933.110276  4123257.856458  156.119834
329932.629250  4123255.668712  156.468643
329932.160731  4123253.474234  157.410000
329931.721998  4123251.240120  156.891976
329931.261430  4123249.002027  157.245655
329930.819517  4123246.785360  159.291413
329930.463353  4123244.593341  172.440339
329930.612802  4123242.412386  -166.923179
329931.513770  4123240.440550  -149.588831
329933.014570  4123238.767345  -135.326103
329934.916662  4123237.491773  -124.033117
329937.028083  4123236.614887  -118.994415
329939.218465  4123235.923644  -117.283624
329941.407043  4123235.304177  -116.356230
329943.600176  4123234.721591  -115.128765
329945.783768  4123234.191345  -113.767643
329947.968734  4123233.715427  -114.167714
329950.003818  4123233.257248  -111.639060
329952.172882  4123232.868560  -114.370809
329954.079919  4123232.432102  -114.024038
329956.172774  4123231.966428  -113.608993
329958.192168  4123231.532427  -111.806333
329960.269119  4123231.153984  -96.881739
329962.303646  4123231.317605  -76.467829
329964.206175  4123232.205249  -56.770010
329965.735138  4123233.718795  -38.609385
329966.733558  4123235.667390  -27.956363
329967.333739  4123237.696602  -23.980317
329967.785627  4123239.734832  -23.041729
329968.203171  4123241.775814  -22.099335
329968.586370  4123243.819548  -24.746517
329969.057127  4123245.816153  -25.012792
329969.544946  4123247.842909  -24.075068
329969.998423  4123249.872417  -23.792829
329970.440980  4123251.899935  -23.224952
329970.861701  4123253.923473  -23.365570
329971.333186  4123256.163566  -23.099165
329971.787605  4123258.373510  -25.053393
329972.333922  4123260.636262  -24.371992
329972.861369  4123262.940639  -24.618679
329973.399731  4123265.247007  -25.618405
329973.975620  4123267.533176  -26.169250
329974.581079  4123269.842765  -24.864459
329975.130358  4123272.151124  -23.380967
329975.620277  4123274.475701  -22.054362
329976.054017  4123276.799049  -23.300285
329976.542343  4123279.132349  -23.466092
329977.039997  4123281.476364  -23.385833
329977.536060  4123283.829102  -23.792594
329978.046221  4123286.166385  -24.208490
329978.564332  4123288.460052  -22.444637
329979.006020  4123290.739785  -23.792531
329979.503885  4123293.020749  -23.540697
329979.990832  4123295.299723  -23.708997
329980.487106  4123297.589410  -23.043597
329980.958363  4123299.892563  -18.198275
329981.232885  4123302.222940  -1.420595
329980.827111  4123304.510402  17.980868
329979.677769  4123306.545123  36.859809
329977.954260  4123308.078582  56.452837
329975.822586  4123308.942755  66.666649
329973.570519  4123309.415438  65.759543
329971.299581  4123309.929747  66.572380
329969.011579  4123310.413903  67.278411
329966.717430  4123310.869900  68.080520
329964.406218  4123311.295746  67.781522
329962.104333  4123311.732305  67.974999
329959.780612  4123312.164882  67.276397
329957.463038  4123312.625620  66.964076
329955.412476  4123313.044907  68.257982
329952.857677  4123313.507458  69.573067
329950.523254  4123313.874990  70.302757
329948.206111  4123314.209620  71.968789
329946.143686  4123314.446482  83.726044
329944.068671  4123314.257431  120.100472
329942.777247  4123313.111650  139.370583
329941.893092  4123311.526376  136.081749
329940.998963  4123310.119546  149.283258
329940.495122  4123308.675719  155.921361
329940.196912  4123307.341488  156.017512
329939.974050  4123306.336452  161.478450
329939.851037  4123305.340610  -19.228766
329939.879964  4123305.553185  -21.356187
329939.935067  4123305.869677  -22.860961
329939.976502  4123306.075519  -16.541652
329940.017075  4123306.533573  -20.998071
329940.098138  4123307.017033  -28.411524
329940.196912  4123307.341488  -20.020378
329940.232509  4123307.578520  -23.928596
329940.326934  4123308.006252  -24.907488
329940.425832  4123308.420489  -22.121897
329940.518408  4123308.913159  -20.722543
329940.571320  4123309.238305  -13.011141
329940.584919  4123309.746988  -15.945253
329940.602040  4123309.966211  -1.609040
329940.544415  4123310.297389  -2.562427
329940.499349  4123310.584607  -0.645528
329940.434031  4123310.925908  2.870208
329940.348424  4123311.260543  12.171485
329940.250108  4123311.485032  13.109163
329940.103605  4123311.805187  13.137941
329939.995664  4123312.040759  22.276194
329939.885339  4123312.205834  9.918218
329939.779857  4123312.475021  13.467613
329939.687097  4123312.674424  10.266030
329939.583205  4123312.934888  19.199907
329939.452922  4123313.154488  14.817845
329939.309915  4123313.443873  19.915063
329939.181221  4123313.654750  12.906503
329939.049132  4123313.946125  12.262269
329938.972061  4123314.121349  12.059951
329938.855661  4123314.388545  9.485918
329938.791099  4123314.557036  8.327291
329938.699715  4123314.810768  3.064012
329938.661760  4123314.957070  -6.646058
329938.642244  4123315.187852  -1.146786
329938.621568  4123315.301253  -20.823399
329938.642973  4123315.431339  -12.930295
329938.644348  4123315.485669  -33.184154
329938.659821  4123315.524542  0.000000
329938.659821  4123315.524542  0.000000
329938.659821  4123315.524542  178.856176
329938.663003  4123315.507096  167.069705
329938.661627  4123315.452766  156.207929
329938.643189  4123315.368287  160.622893
329938.618817  4123315.192595  161.478635
329938.600594  4123315.045062  158.506562
329938.556194  4123314.793613  171.347842
329938.564577  4123314.623893  172.361973
329938.597462  4123314.134168  -174.284484
329938.734754  4123313.690518  -173.441073
329938.837271  4123313.375725  -163.064977
329938.939357  4123313.187036  -159.232122
329939.224941  4123312.734371  -155.363042
329939.555787  4123312.280945  -150.747520
329939.770446  4123312.031664  -153.358388
329940.123126  4123311.582219  -150.660352
329940.496341  4123311.150141  -158.098713
329940.740983  4123310.778854  -174.263555
329940.863563  4123310.383254  -175.957352
329941.013107  4123309.844833  -175.601361
329941.157208  4123309.338235  179.071010
329941.275915  4123308.700898  173.776209
329941.335299  4123308.055356  174.472498
329941.400532  4123307.429691  167.471134
329941.386893  4123306.684958  158.875310
329941.227270  4123305.745697  160.866350
329941.087746  4123304.707467  160.559971
329940.936467  4123303.625630  159.227738
329940.734152  4123302.389157  162.181118
329940.602972  4123301.208352  161.241331
329940.459733  4123300.086926  161.175344
329940.339698  4123299.155705  160.346163
329940.211622  4123298.264071  160.325428
329939.840298  4123295.685623  152.770926
329939.237381  4123293.547750  133.096901
329938.007250  4123291.818284  113.860243
329936.279113  4123290.592886  95.675198
329934.282028  4123289.976407  81.067587
329932.189517  4123289.883315  67.192216
329930.187398  4123290.284399  53.791447
329928.364819  4123291.123804  42.536553
329926.857747  4123292.218102  10.631702
329926.167530  4123293.916931  -14.803024
329926.283722  4123295.917883  -20.046153
329926.595040  4123297.984561  -19.468509
329926.884522  4123300.047259  -18.739044
329927.148987  4123302.123421  -21.272506
329927.505566  4123304.189339  -20.539316
329927.837126  4123306.268723  -18.880525
329928.109328  4123308.364322  -18.735176
329928.378346  4123310.477369  -20.662728
329928.717643  4123312.576189  -21.699038
329929.099020  4123314.691695  -20.380291
329929.427397  4123316.788526  -20.380291
