332238.068868 4128577.612142
332238.368062 4128577.495153
332238.561540 4128577.413580
332238.782753 4128577.349508
332239.002355 4128577.282656
332239.248591 4128577.191840
332239.460011 4128577.106996
332239.758317 4128576.945625
332239.983523 4128576.863566
332240.189011 4128576.768429
332240.383905 4128576.685902
332240.576015 4128576.587827
332240.770173 4128576.506541
332241.009460 4128576.402065
332241.234563 4128576.317765
332241.383931 4128576.252205
332241.542674 4128576.201201
332241.798948 4128576.097621
332241.989870 4128576.046021
332242.249904 4128576.026227
332242.425350 4128576.016035
332242.585926 4128576.016788
332242.732541 4128576.004956
332242.876367 4128576.003790
332243.048782 4128575.998044
332243.223840 4128575.999875
332243.385760 4128575.996316
332243.568818 4128576.017171
332243.690438 4128576.045607
332243.808383 4128576.068842
332243.977108 4128576.102941
332244.151291 4128576.148697
332244.292445 4128576.178192
332244.403633 4128576.207595
332244.587363 4128576.282859
332244.733199 4128576.310777
332244.872158 4128576.332657
332244.986759 4128576.352774
332245.086033 4128576.383876
332245.223261 4128576.400074
332245.361963 4128576.433852
332245.494164 4128576.464575
332245.603099 4128576.517824
332245.760767 4128576.559176
332245.915156 4128576.600377
332246.031670 4128576.640877
332246.147427 4128576.684527
332246.302573 4128576.718278
332246.459262 4128576.755984
332246.646319 4128576.796640
332246.805678 4128576.830079
332246.931336 4128576.857534
332247.109306 4128576.887271
332247.248582 4128576.907480
332247.376149 4128576.926329
332247.527079 4128576.934408
332247.648749 4128576.918019
332247.757128 4128576.907603
332247.872375 4128576.905296
332247.944043 4128576.880479
332247.995599 4128576.858430
332248.048568 4128576.846269
332248.083584 4128576.823369
332248.111442 4128576.799074
332248.142277 4128576.769073
332248.165611 4128576.739071
332248.188334 4128576.705536
332248.182501 4128576.714750
332248.161137 4128576.745735
332248.137827 4128576.775877
332248.105675 4128576.804814
332248.065854 4128576.823723
332248.012885 4128576.835884
332247.933765 4128576.870767
332247.766438 4128576.929617
332247.625484 4128576.976838
332247.387901 4128577.070393
332247.219908 4128577.095956
332246.979323 4128577.141302
332246.733435 4128577.161194
332246.504598 4128577.151623
332246.271336 4128577.114944
332246.094650 4128577.104055
332245.942437 4128577.077128
332245.737206 4128577.014637
332245.488068 4128576.924580
332245.236759 4128576.824856
332244.992702 4128576.702698
332244.726559 4128576.590870
332244.439543 4128576.430117
332244.175136 4128576.309481
332243.928898 4128576.173941
332243.670073 4128576.012509
332243.431186 4128575.894185
332243.234594 4128575.805138
332243.018638 4128575.728331
332242.606556 4128575.686935
332242.254281 4128575.655937
332241.802260 4128575.624976
332241.524001 4128575.607145
332241.226398 4128575.587824
332240.875788 4128575.617656
332240.551463 4128575.637361
332240.231342 4128575.687936
332239.919872 4128575.724049
332239.605210 4128575.748529
332239.337818 4128575.792162
332238.878090 4128575.910112
332238.588578 4128576.008884
332237.989387 4128576.253474
332237.501420 4128576.445083
332236.999694 4128576.596837
332235.969607 4128576.960397
332234.798134 4128577.404749
332233.667058 4128577.768309
332232.596574 4128578.131870
332231.707871 4128578.434836
332230.859564 4128578.737803
