332257.605728 4128605.037502
332256.602433 4128605.423882
332254.833425 4128606.103089
332253.029401 4128606.805196
332251.252194 4128607.517867
332249.457036 4128608.219798
332247.626640 4128608.933535
332245.778291 4128609.636531
332243.947229 4128610.316982
332242.098215 4128610.986693
332240.265820 4128611.600572
332238.397299 4128612.181875
332236.476476 4128612.808625
332234.274858 4128613.585296
332231.801086 4128614.500615
332229.290300 4128615.338976
332226.850880 4128616.198110
332225.116226 4128616.821135
332224.596738 4128617.009135
332224.587873 4128617.009312
332224.350070 4128617.091773
332223.495708 4128617.386376
332221.610792 4128618.034610
332218.828744 4128619.056005
332216.468667 4128619.891353
332214.222948 4128620.680013
332211.950413 4128621.458109
332209.704917 4128622.257865
332207.451889 4128623.124373
332205.224569 4128623.945966
332203.058639 4128624.733031
332202.460439 4128624.945389
332201.574949 4128625.198387
332200.764598 4128625.322862
332200.056966 4128625.372322
332199.361224 4128625.403947
332198.548100 4128625.356145
332197.764179 4128625.245823
332197.084250 4128625.103513
332196.399390 4128624.788674
332195.689835 4128624.384052
332195.004634 4128623.922859
332194.346596 4128623.253588
332193.895136 4128622.452904
332193.436579 4128621.741349
332193.051736 4128621.037328
332192.693400 4128620.365677
332192.312587 4128619.675645
332192.009986 4128619.060199
332191.618601 4128618.403193
332191.239106 4128617.723263
332190.871163 4128617.107214
332190.527551 4128616.584776
332190.096812 4128615.913118
332189.653221 4128615.189113
332189.226519 4128614.556553
332188.844388 4128613.963591
332188.478715 4128613.225743
332188.225072 4128612.500951
332188.027418 4128611.763043
332187.988577 4128610.893470
332188.036431 4128610.049588
332188.267027 4128609.280934
332188.624754 4128608.560842
332188.931584 4128607.916682
332189.374329 4128607.189315
332189.959744 4128606.580520
332190.497003 4128605.955954
332191.050435 4128605.386710
332191.548068 4128604.850423
332192.085210 4128604.358699
332192.744057 4128603.820641
332193.318583 4128603.360877
332194.006847 4128602.880686
332194.652516 4128602.524909
332195.318059 4128602.233045
332196.101979 4128601.892416
332196.734472 4128601.562993
332197.347463 4128601.271113
332197.959927 4128601.035915
332198.592420 4128600.732846
332199.071476 4128600.559496
332199.725636 4128600.324361
332200.292244 4128600.245299
332200.803487 4128600.247316
332201.425461 4128600.324361
332202.005246 4128600.469307
332202.533764 4128600.734368
332203.098931 4128601.096529
332203.604925 4128601.539274
332203.958227 4128601.893539
332204.316480 4128602.377327
332204.616914 4128602.899134
332204.831961 4128603.452236
332205.029794 4128604.002554
332205.219542 4128604.555986
332205.389661 4128605.172660
332205.535788 4128605.868408
332205.709724 4128606.453464
332205.886416 4128606.949804
332206.057595 4128607.591951
332206.278967 4128608.161195
332206.515703 4128608.702095
332206.784962 4128609.188996
332207.117020 4128609.710802
332207.591779 4128610.179041
332208.081572 4128610.485606
332208.587566 4128610.754415
332209.203718 4128610.957061
332209.789303 4128611.118099
332210.342734 4128611.212973
332210.947724 4128611.244040
332211.591907 4128611.212973
332212.161151 4128611.118099
332212.680844 4128610.987341
332213.264851 4128610.784016
332213.818282 4128610.546831
332214.308006 4128610.310965
332215.943812 4128609.623317
332217.508919 4128608.948185
332219.285900 4128608.224411
332221.208479 4128607.242424
332221.871793 4128606.795461
332222.395497 4128606.431145
332222.902323 4128605.909819
332223.329057 4128605.269888
332223.670603 4128604.746184
332223.947215 4128604.057409
332224.171537 4128603.357230
332224.353695 4128602.651368
332224.490995 4128601.981933
332224.549135 4128601.266208
332224.564948 4128600.570466
332224.473830 4128599.795589
332224.343575 4128599.020859
332224.169640 4128598.419991
332223.890850 4128597.698272
332222.998702 4128595.662645
332222.107219 4128593.660304
332221.287546 4128591.700925
332220.802123 4128590.489651
332220.634998 4128590.115599
332220.634998 4128590.115599
332220.643863 4128590.115421
332220.634998 4128590.115599
332220.615935 4128590.049381
332220.085964 4128588.827898
332219.266290 4128586.868519
332218.372362 4128584.744129
332217.496386 4128582.630478
332216.601347 4128580.450610
332215.688132 4128578.248906
332214.748988 4128576.081021
332213.801423 4128573.935505
332212.835683 4128571.768152
332211.799687 4128569.635507
332210.798708 4128567.479960
332209.932926 4128565.432706
332209.193923 4128563.516113
332208.489047 4128561.532237
332208.223082 4128560.777902
332208.001709 4128560.287720
332207.714138 4128559.594163
332207.337592 4128558.991110
332206.879034 4128558.579990
332206.326887 4128558.079047
332205.787984 4128557.789374
332205.123867 4128557.488940
332204.429919 4128557.240134
332203.864599 4128557.127010
332203.113514 4128557.061125
332202.333961 4128557.093402
332201.743113 4128557.127010
332201.005205 4128557.219248
332200.264841 4128557.401231
332199.661157 4128557.614556
332199.015488 4128557.891272
332198.392333 4128558.226820
332197.974510 4128558.616003
332197.368371 4128559.064019
332196.939620 4128559.643401
332196.656816 4128560.078643
332196.445985 4128560.592543
332196.411774 4128561.185762
332196.327393 4128561.738937
332196.340570 4128562.200129
332196.418060 4128562.828428
332196.543082 4128563.402890
332196.669580 4128563.829823
332196.831033 4128564.407450
332197.047648 4128564.921264
332197.289124 4128565.531307
332197.512849 4128566.125388
332197.754066 4128566.613074
332197.937079 4128567.143812
332198.083490 4128567.573892
332198.214839 4128567.965022
332198.358009 4128568.516409
332198.495269 4128569.028845
332198.577625 4128569.550432
332198.637142 4128570.010055
332198.646745 4128570.552497
332198.661996 4128571.078659
332198.600992 4128571.642949
332198.438885 4128572.067514
332198.251213 4128572.580770
332198.014029 4128573.094671
332197.829551 4128573.595394
332197.653305 4128574.025734
332197.456937 4128574.441585
332197.212920 4128574.876241
332196.877396 4128575.349025
332196.545025 4128575.812816
332196.221600 4128576.241213
332195.962331 4128576.599613
332195.619182 4128576.958014
332195.189832 4128577.227445
332194.729990 4128577.568837
332194.105976 4128577.926933
332193.390027 4128578.140380
332192.847762 4128578.323461
332192.184340 4128578.475971
332191.428851 4128578.523749
332190.658012 4128578.584864
332189.966223 4128578.595845
332189.388310 4128578.486910
332188.824222 4128578.354268
332188.187337 4128578.145633
332187.374120 4128577.994446
332186.803759 4128577.838171
332186.090008 4128577.662479
332185.367685 4128577.446328
332184.840615 4128577.349161
332184.035358 4128577.285106
332183.300770 4128577.421119
332182.745117 4128577.623680
332181.994764 4128577.907350
332181.443776 4128578.135403
332180.850932 4128578.439186
332180.231617 4128578.860848
332179.798236 4128579.222850
332179.361939 4128579.638287
332178.795331 4128580.165364
332178.383435 4128580.760775
332178.044246 4128581.324934
332177.688468 4128581.957427
332177.454018 4128582.621978
332177.187745 4128583.327828
332177.042799 4128583.960321
332177.015963 4128584.662040
332176.970878 4128585.337676
332176.986691 4128586.017605
332177.057514 4128586.736897
332177.081564 4128587.472339
332177.176438 4128588.073207
332177.345956 4128588.740210
332177.555934 4128589.401442
332177.859004 4128589.981227
332178.196657 4128590.476965
332178.504673 4128590.916789
332178.979043 4128591.391159
332179.515853 4128591.693740
332180.006844 4128591.984121
332180.612983 4128592.247660
332181.296014 4128592.457287
332181.967999 4128592.657659
332182.613669 4128592.710367
332183.233281 4128592.651591
332183.918185 4128592.578597
332184.550678 4128592.433651
332185.168303 4128592.290943
332186.118733 4128592.011989
332187.081373 4128591.719837
332188.957428 4128591.071772
332191.009453 4128590.353585
332193.166082 4128589.544504
332195.349307 4128588.734891
332197.523890 4128587.936551
332199.671211 4128587.105458
332201.818310 4128586.263270
332203.936814 4128585.321756
332206.055764 4128584.402434
332208.202198 4128583.526961
332209.029301 4128583.199602
332209.310987 4128583.094063
332209.566077 4128582.989056
332209.566077 4128582.989056
332209.759777 4128582.918578
332210.850614 4128582.474939
332212.248620 4128581.869752
332213.699152 4128581.230213
332215.370201 4128580.530759
332217.402501 4128579.713074
332219.460730 4128578.861570
332221.462881 4128577.866891
332222.127974 4128577.398442
332222.666033 4128577.036076
332223.142332 4128576.701073
332223.731168 4128576.223498
332224.236284 4128575.817210
332224.649792 4128575.361100
332225.191612 4128574.828940
332225.564958 4128574.301862
332225.868236 4128573.760515
332226.083424 4128573.146314
332226.304796 4128572.450572
332226.451700 4128571.895144
332226.483734 4128571.341293
332226.502630 4128570.895130
332226.491360 4128570.479607
332226.421026 4128569.919969
332226.354100 4128569.473036
332226.216643 4128569.013866
332226.136049 4128568.768285
332226.038431 4128568.529037
332225.908099 4128568.220848
332225.723021 4128567.836055
332225.648323 4128567.648852
332225.043452 4128566.673067
332224.647145 4128565.926205
332224.195869 4128565.091645
332223.743261 4128564.190511
332223.299073 4128563.267009
332222.855330 4128562.365698
332222.766880 4128561.934571
332222.665049 4128561.824380
332222.543676 4128561.417343
332222.377216 4128561.076577
332222.145147 4128560.559526
332221.987108 4128560.196392
332221.755482 4128559.701532
332221.606976 4128559.371507
332221.383993 4128558.865374
332221.235042 4128558.513158
332221.077670 4128558.183311
332220.863774 4128557.688096
332220.623061 4128557.182318
332220.474110 4128556.830102
332220.242040 4128556.313051
332220.195271 4128556.191888
332220.195493 4128556.202984
332220.195493 4128556.202984
332220.195493 4128556.202984
332220.195493 4128556.202984
332220.214112 4128556.247011
332220.288809 4128556.434214
332220.390769 4128556.654172
332220.456380 4128556.830457
332220.530855 4128557.006565
332220.660743 4128557.292563
332220.799497 4128557.578384
332220.883282 4128557.776505
332221.013836 4128558.095789
332221.106709 4128558.304829
332221.237485 4128558.635209
332221.330580 4128558.855344
332221.434761 4128559.186256
332221.510347 4128559.417842
332221.603220 4128559.626881
332221.768568 4128559.912169
332221.977576 4128560.163283
332222.140259 4128560.315425
332222.329316 4128560.455940
332222.634286 4128560.627433
332222.956098 4128560.754189
332223.170195 4128560.816503
332223.410443 4128560.856093
332223.739787 4128560.916099
332223.970726 4128560.933675
332224.298959 4128560.938204
332224.644035 4128560.897995
332224.847267 4128560.860627
332225.058920 4128560.800890
332225.208399 4128560.716104
332225.366092 4128560.639341
332225.471979 4128560.587767
332225.577079 4128560.546317
332225.722433 4128560.489509
332225.884694 4128560.406960
332225.999053 4128560.360270
332226.139563 4128560.290858
332226.139563 4128560.290858
332226.139563 4128560.290858
332226.139563 4128560.290858
332226.086816 4128560.314114
332225.928576 4128560.383881
332225.788288 4128560.464389
332225.612317 4128560.534512
332225.295837 4128560.674047
332225.102580 4128560.766716
332224.839957 4128560.938473
332224.648033 4128561.097714
332224.394941 4128561.302580
332224.247343 4128561.460934
332224.066728 4128561.742049
332223.829832 4128562.312888
332223.773107 4128562.580422
332223.728135 4128562.992020
332223.742332 4128563.258135
332223.821472 4128563.667248
332223.871129 4128563.932652
332223.976865 4128564.341233
332224.153543 4128565.192391
332224.231128 4128565.523836
332224.392054 4128566.031212
332224.513743 4128566.350674
332224.719217 4128566.868257
332224.858637 4128567.187364
332225.082063 4128567.715688
332225.231236 4128568.079000
332225.472837 4128568.629160
332225.622232 4128569.003567
332225.986633 4128569.928666
332226.385383 4128570.797578
332226.923755 4128571.552696
332227.353949 4128571.996897
332227.925865 4128572.408676
332228.473441 4128572.764864
332228.940062 4128572.980592
332229.595858 4128573.224609
332230.383247 4128573.359327
332231.041027 4128573.407162
332231.765454 4128573.376660
332232.430432 4128573.285043
332233.054170 4128573.125017
332233.710787 4128572.856498
332234.376526 4128572.591187
332234.995538 4128572.285497
332235.643404 4128572.021958
332236.266098 4128571.731964
332236.840308 4128571.374093
332237.400328 4128571.000746
332237.999410 4128570.598372
332238.441742 4128570.145302
332238.935877 4128569.530379
332239.279469 4128568.974355
332239.594723 4128568.377397
332239.781397 4128567.740512
332239.958677 4128567.018270
332240.011688 4128566.354799
332240.042190 4128565.637998
332240.032611 4128564.952201
332239.976552 4128564.245133
332239.855763 4128563.553344
332239.628270 4128562.917907
332238.888829 4128560.979120
332238.023499 4128558.954055
332237.102089 4128556.785812
332236.144997 4128554.607185
332235.214499 4128552.428024
332234.239675 4128550.249752
332233.256208 4128548.082752
332232.911678 4128547.394147
332232.542724 4128546.774831
332232.131785 4128545.962974
332231.752108 4128545.404429
332231.225031 4128544.771937
332230.622847 4128544.128393
332230.091814 4128543.678251
332229.498852 4128543.309297
332228.567396 4128542.904149
332227.870710 4128542.649045
332227.156960 4128542.495314
332226.259983 4128542.384246
332225.608670 4128542.341583
332224.752169 4128542.341583
332223.938858 4128542.508415
332223.254760 4128542.690965
332222.486106 4128542.954504
332221.692451 4128543.263785
332219.502346 4128544.173428
332217.339059 4128545.093634
332215.195946 4128546.135536
332213.053500 4128547.210725
332210.930785 4128548.385419
332210.523275 4128548.737284
332209.919332 4128549.258871
332209.364598 4128549.893069
332208.976815 4128550.421003
332208.738898 4128550.869385
332208.596278 4128551.384745
332208.464379 4128551.866806
332208.372872 4128552.388393
332208.377600 4128552.865415
332208.424628 4128553.399430
332208.488683 4128553.893565
332208.655594 4128554.347241
332208.876670 4128554.839742
332209.085305 4128555.377800
332209.316567 4128555.910198
332210.142668 4128557.747348
332210.943727 4128559.662699
332211.791778 4128561.710308
332212.613234 4128563.758450
332213.496300 4128565.783158
332214.424136 4128567.829170
332215.296782 4128569.776388
332216.065691 4128571.414884
332216.306181 4128571.909566
332216.731306 4128572.766850
332217.423295 4128574.107188
332218.226552 4128575.689497
332218.443290 4128576.421232
332218.519189 4128577.104324
332218.587017 4128577.746869
332218.443290 4128578.394610
332218.272516 4128579.134626
332218.061188 4128579.833085
332217.760197 4128580.481836
332217.342752 4128581.145953
332216.885760 4128581.810208
332216.431962 4128582.360340
332215.846637 4128582.941617
332215.304959 4128583.473549
332214.785161 4128583.847531
332214.135465 4128584.305064
332213.424055 4128584.765501
332212.836073 4128585.137773
332211.396867 4128585.838384
332209.321576 4128586.723531
332207.227667 4128587.564652
332205.123783 4128588.350474
332203.019677 4128589.125200
332200.972094 4128590.065294
332198.915425 4128590.994471
332196.858311 4128591.901458
332194.783468 4128592.808799
332192.673609 4128593.739043
332190.625362 4128594.645853
332188.568029 4128595.541746
332186.465925 4128596.416337
332184.364267 4128597.313118
332182.279894 4128598.187354
332180.202610 4128598.972650
332179.443636 4128599.175455
332178.653020 4128599.333578
332178.035541 4128599.260246
332177.322150 4128599.228163
332176.544711 4128599.043685
332175.923839 4128598.769738
332175.253371 4128598.490254
332174.594525 4128598.160831
332173.985416 4128597.631964
332173.398734 4128597.076064
332172.861115 4128596.601694
332172.356806 4128596.021788
332171.077245 4128594.127124
332169.963898 4128592.118131
332168.921251 4128590.096622
332167.913841 4128588.063309
332166.959622 4128586.028929
332166.058371 4128583.982390
332165.204334 4128582.079204
332164.391733 4128580.030889
332163.584466 4128578.248866
332162.711586 4128576.290557
332161.884366 4128574.397935
332161.586231 4128573.690330
332161.339163 4128573.113840
332161.100137 4128572.437851
332160.936535 4128571.777845
332160.817576 4128571.146450
332160.855572 4128570.411460
332160.920796 4128569.709066
332161.013034 4128569.076573
332161.346816 4128568.370331
332161.645527 4128567.692995
332161.988127 4128567.205449
332162.525789 4128566.570728
332163.002751 4128566.085409
332163.595713 4128565.611040
332164.236696 4128565.204470
332164.790422 4128564.872399
332166.105866 4128564.212440
332168.013387 4128563.363942
332169.930440 4128562.548553
332171.857025 4128561.766274
332173.719998 4128560.907569
332175.609123 4128560.026142
332177.507780 4128559.177823
332179.406660 4128558.340601
332181.305985 4128557.525570
332183.407431 4128556.617692
332185.482727 4128555.732539
332187.591484 4128554.746816
332189.744790 4128553.771302
332191.897874 4128552.784694
332194.023696 4128551.765331
332196.166583 4128550.712328
332198.319446 4128549.714625
332200.500016 4128548.771868
332202.690563 4128547.884411
332204.879999 4128546.941478
332207.078079 4128545.987272
332209.285025 4128545.032889
332211.474018 4128544.067766
332213.618686 4128543.103532
332215.764909 4128542.216966
332217.901157 4128541.275101
332220.037628 4128540.344332
332222.182742 4128539.402291
332224.346031 4128538.482086
332225.278042 4128538.108900
332225.910535 4128537.887527
332226.575154 4128537.749262
332227.349456 4128537.666155
332228.250758 4128537.618718
332228.897613 4128537.691667
332229.689680 4128537.824278
332230.353797 4128538.061463
332231.120373 4128538.413065
332231.729469 4128538.820454
332232.377774 4128539.294824
332232.966170 4128539.796905
332233.453012 4128540.417498
332233.911569 4128541.129053
332234.237303 4128541.713947
332235.148738 4128543.826889
332236.104722 4128545.950039
332237.034553 4128548.095913
332237.938011 4128550.253415
332238.815317 4128552.433640
332239.701266 4128554.602592
332240.587658 4128556.793736
332241.500424 4128558.973251
332242.319428 4128560.899345
332243.281183 4128563.310979
332244.105962 4128565.525556
332244.895057 4128567.729747
332245.249889 4128568.662200
332245.537646 4128569.703773
332245.705284 4128570.502754
332245.781183 4128571.128922
332245.765348 4128571.774903
332245.534510 4128572.400232
332245.230914 4128572.817677
332244.899508 4128573.268527
332244.471922 4128573.690518
332244.035502 4128574.070013
332243.521912 4128574.450497
332243.086763 4128574.904904
332242.707267 4128575.227475
332242.321176 4128575.606728
332241.006507 4128576.387841
332239.758317 4128576.945625
332238.817741 4128577.364052
332237.866302 4128577.682797
332237.516552 4128577.774259
332237.170451 4128577.887942
332236.852584 4128577.991688
332236.573569 4128578.112936
332236.325784 4128578.257533
332235.965423 4128578.420146
332235.428869 4128578.641786
332235.068285 4128578.793304
332234.531953 4128579.026040
332234.171369 4128579.177558
332233.634816 4128579.399198
332233.300383 4128579.527992
332233.027785 4128579.644449
332233.071666 4128579.621371
332233.150786 4128579.586487
332233.335400 4128579.505092
332233.476131 4128579.446774
332233.704626 4128579.342301
332233.854223 4128579.283806
332234.127488 4128579.200636
332234.312990 4128579.163623
332234.622159 4128579.101934
332234.825614 4128579.075661
332234.971061 4128579.066966
332235.127029 4128579.069627
332235.340015 4128579.076463
332235.510243 4128579.088899
332235.659826 4128579.103360
332235.899852 4128579.131855
332236.080630 4128579.161146
332236.247148 4128579.202602
332236.488062 4128579.275479
332236.664038 4128579.325107
332236.827159 4128579.379690
332237.059652 4128579.474935
332237.216949 4128579.554901
332237.381907 4128579.623883
332237.588248 4128579.741851
332237.730974 4128579.846384
332237.849336 4128579.936424
332238.020439 4128580.066198
332238.158111 4128580.155128
332238.307234 4128580.215855
332238.504266 4128580.311811
332238.667006 4128580.368141
332238.807680 4128580.405636
332239.021332 4128580.445759
332239.195429 4128580.471794
332239.350231 4128580.483574
332239.571638 4128580.468042
332239.744941 4128580.453865
332239.898982 4128580.428189
332240.110857 4128580.379548
332240.275211 4128580.309666
332240.418694 4128580.251286
332240.516819 4128580.212700
332240.603530 4128580.180987
332240.648934 4128580.163169
332240.695638 4128580.142116
332240.735397 4128580.122847
332240.700158 4128580.134653
332240.558982 4128580.170778
332240.390988 4128580.196341
332240.081152 4128580.224744
332239.859079 4128580.206989
332239.503585 4128580.169706
332239.262893 4128580.107925
332238.896979 4128579.993151
332238.646311 4128579.876069
332238.261556 4128579.706173
332238.010888 4128579.589091
332237.608625 4128579.430645
332237.330917 4128579.291905
332236.901836 4128579.122896
332236.606843 4128579.006702
332236.142745 4128578.860594
332235.813402 4128578.800587
332235.297224 4128578.711021
332234.941729 4128578.673738
332234.400511 4128578.662373
332234.037040 4128578.669650
332233.506019 4128578.724680
332233.142992 4128578.754148
332232.603551 4128578.831547
332232.240746 4128578.872109
332231.988262 4128578.873480
332231.708603 4128578.896217
332231.352054 4128578.931099
332231.041018 4128578.957292
332230.651404 4128579.016225
332230.222502 4128579.094802
332229.806696 4128579.179928
332229.312313 4128579.307616
332228.860492 4128579.448401
332228.406598 4128579.614864
332227.725233 4128579.910654
332226.950429 4128580.242713
332226.431486 4128580.631201
332225.875191 4128581.049142
332225.211074 4128581.697447
332224.981439 4128582.180923
332224.546956 4128582.851746
332224.278147 4128583.452614
332224.124489 4128584.118369
332224.009337 4128584.654351
332223.930276 4128585.365905
332223.917804 4128586.198195
332223.946088 4128586.820639
332224.056774 4128587.627067
332224.243028 4128588.267373
332224.483707 4128588.923677
332224.733542 4128589.499246
332225.034551 4128590.149616
332225.397659 4128590.732607
332225.758180 4128591.244926
332226.219895 4128591.768676
332226.612045 4128592.136741
332227.086415 4128592.630085
332227.592241 4128593.027811
332228.243877 4128593.275228
332228.737221 4128593.370102
332229.394453 4128593.366118
332230.065456 4128593.237278
332230.710599 4128593.085480
332231.332252 4128592.854020
332232.000884 4128592.630085
332232.635154 4128592.391476
332233.295628 4128592.137618
332235.259449 4128591.443407
332237.241444 4128590.771033
332239.195067 4128590.010427
332241.166866 4128589.271659
332243.166370 4128588.587835
332245.183605 4128587.903658
332247.172912 4128587.153440
332249.170196 4128586.358663
332251.159727 4128585.619542
