332194.036073,4128622.804708
332192.332484,4128619.664238
332190.632672,4128616.712392
332188.801214,4128613.829781
332188.301390,4128612.785296
332188.020750,4128611.614322
332188.031992,4128610.404203
332188.336449,4128609.221512
332188.873622,4128608.145161
332189.527597,4128607.144170
332193.703538,4128603.097870
332198.560853,4128600.747319
332199.406351,4128600.452891
332200.280444,4128600.257789
332201.158981,4128600.284598
332202.024009,4128600.522576
332202.838956,4128600.916956
332203.559941,4128601.490816
332204.185631,4128602.177584
332206.283633,4128608.185044
332206.690583,4128609.020491
332207.202359,4128609.776140
332207.897636,4128610.394915
332208.694852,4128610.789651
332209.551679,4128611.061093
332210.414928,4128611.210308
332211.302329,4128611.236940
332212.177754,4128611.108413
332215.450919,4128609.810785
332218.705023,4128608.446940
332222.459309,4128606.373786
332223.170477,4128605.571452
332223.692812,4128604.639699
332224.081060,4128603.655132
332224.397498,4128602.627602
332224.526658,4128601.548322
332224.531261,4128600.449336
332223.268230,4128596.278845
332221.511416,4128592.251440
