332245.444464,4128572.580522
332244.647305,4128573.517774
332243.521912,4128574.450497
332242.582022,4128575.346207
332242.321176,4128575.606728
332241.938661,4128575.991783
332241.483893,4128576.311685
332241.168079,4128576.484506
332240.843178,4128576.646409
332240.448244,4128576.854114
332240.562380,4128576.796329
332240.684938,4128576.716176
332240.904567,4128576.611880
332241.071450,4128576.530840
332241.326319,4128576.414739
332241.519797,4128576.333166
332241.828079,4128576.227095
332242.453951,4128576.036967
332243.125704,4128575.923620
332243.825607,4128575.887410
332244.536152,4128575.939786
332245.265538,4128576.047284
332246.014431,4128576.243192
332246.508233,4128576.544105
332247.041050,4128577.021837
332247.449532,4128577.490957
332247.756056,4128577.740120
332248.096263,4128577.899809
332248.346264,4128577.983604
332248.676274,4128578.076897
332248.871974,4128578.106280
332249.138595,4128578.134242
332249.280437,4128578.131403
332249.386597,4128578.118178
332249.527995,4128578.093148
332249.642354,4128578.046459
332249.721474,4128578.011575
332249.695100,4128578.023203
332249.563233,4128578.081342
332249.484113,4128578.116226
332249.342937,4128578.152352
332249.227912,4128578.165754
332249.103800,4128578.168239
332248.890815,4128578.161402
332248.498749,4128578.069351
332248.104240,4128577.855249
332247.942446,4128577.747489
332247.707066,4128577.508002
332247.588487,4128577.343876
332247.069181,4128576.654976
332246.688182,4128576.229705
332246.147167,4128575.785437
332245.410451,4128575.311788
332244.490677,4128574.997201
332243.494670,4128574.861740
332242.466312,4128574.882326
332241.456128,4128574.924748
332240.402730,4128575.023535
332239.370393,4128575.288400
332237.389949,4128576.038442
332236.000138,4128576.610161
332234.435024,4128577.285290
