332243.6138957053  4128574.615155104  41.04686916860517
332242.9926877527  4128575.03828823  51.34196677719193
332242.28038506955  4128575.3411456523  61.80821149194799
332240.4530913787  4128576.2102204594  62.857911623291294
332238.6605923127  4128577.0452993317  63.89906383746658
332236.74242660496  4128577.8051947528  68.2732297682404
332234.8663657615  4128578.4532483458  70.87567222027113
332234.820707264  4128578.3875627625  81.30424598121384
332235.31449033425  4128578.2444783812  91.32438770752385
332235.94324980566  4128578.1985913725  101.45155668163984
332236.4762695644  4128578.2434205282  111.75283061140371
332237.1817253644  4128578.4845966212  121.96693141358425
332238.83712418575  4128579.661350743  117.27657273801337
332239.4120458161  4128580.027239456  107.04065001069509
332239.993389271  4128580.270900335  96.58180002808577
332240.6525200021  4128580.4131046273  85.44242602775329
332241.2473735162  4128580.4455963196  73.1022164557339
332241.92821315944  4128580.3431675006  62.25907939470191
332242.47229964734  4128580.054777359  63.899080793338534
332241.6946096638  4128580.192444733  75.44431796303321
332240.9406276576  4128580.1853383896  85.55977704191615
332240.2192187449  4128580.033280857  97.22952212844591
332238.31008215144  4128579.472102581  101.59843237501688
332236.2544579939  4128579.124756088  98.16106097542084
332234.280841246  4128578.8867677436  96.40203215167219
332233.01401301596  4128578.9565285523  86.29374103499715
332231.05172461027  4128579.2844110383  78.47393291239308
332229.09432320547  4128579.8563948036  71.27193119532744
332227.256167393  4128580.6257906295  64.65932346498177
332225.36726449465  4128581.5183021785  64.6249386665944
332224.02689050825  4128582.3443326363  53.28102940014317
332223.6989003709  4128582.794896736  42.166769298079906
332223.23728702764  4128583.658833813  31.214631534808696
332222.5671513546  4128585.1818420957  20.079030113958126
332222.5596803527  4128586.5805840157  -2.5339060240735147
332222.7773513078  4128587.2644223254  -13.49425345654379
332223.5059296243  4128589.10352557  -23.557207509814425
332224.32138194126  4128590.8520900896  -25.152086011285014
332225.1751822692  4128592.7441861397  -24.89743875821629
332226.0099191527  4128594.5700642844  -24.4725603763739
332226.6028130839  4128595.390689797  -36.034845959577886
332227.2249476833  4128595.8999316487  -47.80241179060056
332227.8792107421  4128596.24203124  -59.473170157999476
332228.5126336256  4128596.429148955  -69.8358967399774
332229.1167954996  4128596.4836532534  -80.51407369732156
332230.1181113234  4128596.441407106  -91.14690325216426
332230.8151249312  4128596.2609539297  -101.40372122161533
332232.0382712764  4128595.7813694063  -111.64518870140267
332232.88820311433  4128595.4608585224  -111.000001274
332235.68819504173  4128594.386764263  -111.000001249
332238.2881875808  4128593.410674977  -111.000001201
332241.08817971905  4128592.435911618  -111.00000124
332243.98817142553  4128591.362473783  -111.00000124
332247.1881618865  4128590.1930168606  -111.000001339