332231.4648784542  4128614.5406454387  73.60351227504206
332229.58993704186  4128615.244178005  72.29021156925361
332227.6518294589  4128615.893475916  73.74612531882966
332225.0382169321  4128616.911496351  76.25459478804086
332225.0382169321  4128616.911496351  76.25459478804086
332220.01864697575  4128618.688083637  72.29013930055251
332218.0993817863  4128619.392506295  68.71867668319582
332216.20582362893  4128620.05201495  74.26634162815188
332214.31248789805  4128620.7226195373  72.94459413879311
332212.4541685743  4128621.3703235826  73.71059458495634
332210.5787857766  4128622.051669529  72.63991383789387
332208.64179183956  4128622.7564494093  72.63989915269623
332206.72163976845  4128623.4164927695  73.74596639607651
332204.87196448806  4128624.0529255415  73.2382167385578
332202.9440587056  4128624.7686247593  72.94450883174335
332200.99731217255  4128625.429201989  74.53771503673362
332199.6897202447  4128625.677383531  85.44211172983024
332197.8537550771  4128625.669746759  95.71515192079558
332196.75845942635  4128625.4474802087  106.87847247570163
332195.59622006386  4128624.982355569  117.06181027125666
332194.3388863057  4128624.197236966  127.43885555684211
332193.2007758092  4128623.165532434  138.01030922480683
332192.47179308126  4128622.1922350936  149.1393470007701
332191.4262880306  4128620.470479988  152.12900512295585
332190.49314062344  4128618.602175812  158.09587352870972
332189.5865881663  4128616.7333391616  157.30911958562484
332188.80414694827  4128614.862017277  161.99271328895762
332188.20676194044  4128612.9314899915  167.07918269665953
332187.94316298526  4128611.2828771663  177.1986244612835
332187.9245216295  4128610.7948530028  -179.49301333168165
332188.09109199245  4128608.926727149  -169.4442288420138
332188.5211721264  4128606.931225187  -162.47030262876095
332189.1203787349  4128605.409634041  -151.6396138017317
332189.6458206606  4128604.633216183  -140.33924401481252
332190.1072293718  4128604.2021788107  -128.83633926545954
332190.47489884746  4128603.9617175697  -118.74061071212135
332192.19999949145  4128602.8615788105  -119.70082450106334
332193.99713250843  4128601.815497747  -114.94635553211616
332195.8164397403  4128600.9909719084  -110.64031763918572
332197.69824757753  4128600.1873948704  -107.76980426544898
332198.3963711809  4128600.062416428  -95.96243554887378
332199.10602598987  4128600.070406443  -84.90593477073261
332199.67606041324  4128600.1921916204  -74.42783573578872
332200.7930885199  4128600.6138224993  -64.30946571684247
332201.5111856733  4128601.0434414293  -53.58508072056492
332202.06240047  4128601.5541015295  -42.744510865244166
332202.6818917778  4128602.3741928977  -31.731443551661503
332203.3370871658  4128603.6486669783  -21.38915069378951
332204.2259074249  4128605.5178600335  -24.69512047703487
332205.13156890275  4128607.3423161954  -23.179287156464387
332205.9674198611  4128609.223669945  -23.380957977031127
332206.8103369244  4128610.572085121  -34.652232690787
332207.3795031959  4128611.0934860297  -45.72612589166064
332207.9542021066  4128611.4482770856  -56.77460450085801
332208.7585053955  4128611.754071153  -67.86803507972144
332209.60491262673  4128611.9480228676  -78.02357086974193
332210.2966139781  4128611.9452733034  -89.11834180330874
332211.57805725565  4128611.7198169883  -99.28734121799614
332212.8552796617  4128611.2835465134  -109.99399146512238
332214.70782536175  4128610.3473598417  -114.64462334389943
332216.5264660249  4128609.4895520164  -111.66217672920894
332218.4248931327  4128608.6301471754  -111.28130049068085
332220.1457960296  4128607.7631970774  -115.05330878251769
332221.94204253773  4128606.672740113  -120.23248348515845
332222.87439443707  4128605.843778041  -131.52608412782908
332223.5835634229  4128604.9415847836  -142.08186509304005
332224.09458985867  4128603.887959379  -153.92499362466228
332224.39329766086  4128602.860784637  -163.9440785146738
332224.46462215367  4128601.9935614048  -174.3963604752565
332224.43645140145  4128601.4724282473  179.9694645874552
332224.2788375255  4128600.687488072  168.90530546193622
332223.8133671753  4128599.586813135  158.89330351093062
332223.04113042395  4128597.781883777  159.36007078239484
332222.2675605217  4128595.910381531  160.39644422288066
332221.47648216865  4128594.0503298175  161.44548221897892
332220.1689628662  4128591.2016232694  155.53545860591996
332219.2358192676  4128589.333316083  155.30495285878072
332218.39885898615  4128587.396483639  158.64576469434738
332217.6705015519  4128585.56847629  160.21121042126975