332215.36484897137  4128579.8204702022  159.55694772306157
332214.61876002105  4128577.9928180827  157.58452345711902
332213.80019447603  4128576.0889175413  157.52661885622564
332212.9920488022  4128574.2625080193  155.30487736859607
332212.13779978873  4128572.3482221183  156.57225023096868
332211.3786444722  4128570.7539305813  155.2216397564588
332210.57160860253  4128568.98299873  158.61083809740026
332209.7528192369  4128567.0680030566  159.3540727824632
332209.02401413594  4128565.217805406  160.70434004209662
332208.22339875565  4128563.324645849  159.35990680750973
332207.3709249642  4128561.499124323  157.5844411723163
332206.43888642336  4128559.68629589  152.07632420308136
332205.55430484755  4128558.4719140925  141.93584815928057
332204.75064167636  4128557.755409476  131.66791359212752
332203.84326220315  4128557.1741808946  120.89089292409413
332202.68987929047  4128556.7088775006  110.45196192908442
332201.6482103298  4128556.5077359765  99.93678566141354
332200.6016751317  4128556.506490939  89.52307522336814
332199.0990384321  4128556.7585773678  77.95393496211693
332197.8754435133  4128557.215975555  67.45221711857904
332196.9734389299  4128557.789033884  57.09894397816738
332196.25938052265  4128558.4471284687  46.273515010293146
332195.6200205683  4128559.2924263705  35.95587075551276
332195.253259377  4128560.021266457  25.629506681806998
332194.9556640382  4128561.103919703  14.450731688683717
332194.84445955337  4128562.193940641  4.160736645958731
332194.9373761903  4128563.2909742324  -6.394325900067775
332195.24372338515  4128564.417033951  -16.74498031904471
332196.10506480007  4128566.2423768193  -22.428372069604862
332196.9579850472  4128568.090088265  -19.978109230744113
332197.4846712956  4128570.0331316767  -11.511995435602437
332197.5975396134  4128571.2407651916  -1.1471133757839007
332197.49297846097  4128572.21965367  9.217764601526103
332197.20424854965  4128573.3021293487  19.609937842223474
332196.3630342202  4128575.139363877  29.437313635030577
332195.760024976  4128576.028333747  39.62732331477422
332195.06503168255  4128576.7526464323  49.881708012106
332194.1213698168  4128577.459738646  59.96409646328463
332192.8652059309  4128578.062089157  70.00596225386282
332191.78921159497  4128578.3611336765  81.3119256521425
332189.90337778296  4128578.5209957887  92.26358691496922
332187.81517853047  4128578.3186125793  96.91731220451435
332185.7857024174  4128577.948554825  103.16790565154565
332183.7941308123  4128577.6998378644  93.57765398243745
332182.82051909785  4128577.797034353  83.45668249351674
332181.60312692437  4128578.1211116277  72.44357593565026
332180.3735593988  4128578.722931457  62.015191514524794
332178.8182260595  4128579.8862723312  52.81066175045403
332177.57517324726  4128581.1432592543  42.1038558586583
332177.0676832616  4128581.9304182515  31.530481964295053
332176.56132723467  4128583.2170519927  20.629117384959386
332176.1740186027  4128585.1339984285  10.148707416711964
332176.1541349721  4128586.355390306  -1.147265504927638
332176.365411727  4128587.6054527443  -11.391362008959065
332176.8641504317  4128589.0384574425  -21.780307511363027
332177.590271877  4128590.3115093773  -32.65225325556547
332178.21552078135  4128590.9760846016  -42.65706281817039
332179.0621759043  4128591.625126058  -52.849394733705324
332180.05709411175  4128592.149099137  -63.45410461278418
332180.94916297856  4128592.4087333404  -74.09324113734503
332182.1138291662  4128592.5519092926  -84.28497706707367
332183.6202362877  4128592.488442942  -94.5258761841984
332185.62506850436  4128592.0708976095  -103.25686549921551
332187.5820202187  4128591.4767124997  -106.49525092430487
332189.4664957769  4128590.806279581  -108.2011749995362
332191.3680353544  4128590.102205579  -108.20116032844348
332193.2347811968  4128589.432128569  -107.70998376033025
332195.2076868602  4128588.748826309  -108.36004932397732
332197.02877451613  4128588.013064788  -109.81869344325581
332198.92920443043  4128587.2535150885  -109.81867865312311
332200.8830477105  4128586.5039962684  -110.10841990379986
332202.7723914753  4128585.6336700507  -111.89981423388437
332204.66373508365  4128584.8632037058  -110.28253338017915
332207.4814763161  4128583.8521901635  -113.58250317797597
332209.3007887426  4128583.0276674516  -113.79270421603984
332211.17195947963  4128582.135507207  -114.35590341709171
332212.99149475945  4128581.322080816  -111.4699879049977
332214.89081673755  4128580.507057383  -113.60561828707904