332222.665049 4128561.824380
332222.437960 4128561.452759
332222.252882 4128561.067966
332222.002415 4128560.517984
332221.817337 4128560.133192
332221.408832 4128559.220075
332221.158143 4128558.658997
332221.000104 4128558.295863
332220.600464 4128557.382569
332220.358641 4128556.821314
332220.200158 4128556.435989
332220.042119 4128556.072855
332219.818470 4128555.533436
332219.677939 4128555.158851
332219.445425 4128554.619610
332219.324624 4128554.344530
332219.324402 4128554.333434
332219.380259 4128554.465515
332219.436338 4128554.608692
332219.529655 4128554.839922
332219.594599 4128554.982921
332219.706756 4128555.269274
332219.781676 4128555.467573
332219.893834 4128555.753926
332219.959667 4128555.941307
332220.062737 4128556.216742
332220.146078 4128556.392672
332220.284387 4128556.656302
332220.376371 4128556.820959
332220.550363 4128557.094974
332220.695982 4128557.280758
332220.837528 4128557.420762
332221.112444 4128557.705317
332221.409437 4128557.921370
332221.615557 4128558.028243
332221.946235 4128558.154822
332222.178284 4128558.227876
332222.525137 4128558.276431
332222.755853 4128558.282912
332223.074555 4128558.254332
332223.295296 4128558.205513
332223.611999 4128558.077073
332223.814787 4128558.017513
332224.140133 4128557.877800
332224.351786 4128557.818063
332224.650981 4128557.701074
332224.809221 4128557.631306
332225.020653 4128557.560474
332225.152742 4128557.513429
332225.214354 4128557.489996
332225.205489 4128557.490174
332225.187980 4128557.501624
332225.187980 4128557.501624
332225.187980 4128557.501624
332225.187980 4128557.501624
332225.117503 4128557.525235
332225.064757 4128557.548491
332224.923802 4128557.595712
332224.791713 4128557.642757
332224.589591 4128557.735603
332224.440216 4128557.805193
332224.088941 4128557.978725
332223.773793 4128558.184833
332223.555940 4128558.377893
332223.425850 4128558.524797
332223.261633 4128558.738984
332223.176091 4128558.896095
332223.083905 4128559.164339
332223.034268 4128559.342932
332223.007471 4128559.776366
332223.079301 4128560.263325
332223.240450 4128560.781796
332223.488271 4128561.642630
332223.658951 4128562.194210
332223.805082 4128562.786366
332223.933602 4128563.408673
332224.001244 4128563.997158
332224.035065 4128564.301547
