332237.610767 4128577.765612
332237.407979 4128577.825171
332237.099032 4128577.897955
332236.895800 4128577.935324
332236.586408 4128577.985917
332236.365223 4128578.012545
332236.037213 4128578.019111
332235.824227 4128578.012275
332235.504637 4128577.996473
332235.344842 4128577.988572
332235.282564 4128577.978719
332235.300516 4128577.989460
332235.479374 4128578.063579
332235.640946 4128578.160243
332235.900701 4128578.288243
332236.097733 4128578.384198
332236.367242 4128578.556401
332236.556076 4128578.685820
332236.879219 4128578.879150
332237.076696 4128578.997296
332237.399395 4128579.168435
332237.615713 4128579.341704
332237.938634 4128579.523938
332238.162706 4128579.641552
332238.494049 4128579.801418
332238.708811 4128579.897018
332239.048575 4128580.034516
332239.271536 4128580.096652
332239.592236 4128580.167931
332239.761118 4128580.186751
332240.036382 4128580.203440
332240.204820 4128580.200068
332240.443735 4128580.173086
332240.602863 4128580.147700
332240.735619 4128580.133943
332240.753349 4128580.133588
332240.735841 4128580.145038
332240.735619 4128580.133943
332240.718110 4128580.145393
332240.682872 4128580.157198
332240.515545 4128580.216048
332240.365503 4128580.252351
332240.145430 4128580.334456
332239.977436 4128580.360019
332239.712370 4128580.409725
332239.598011 4128580.456414
332239.322970 4128580.450820
332239.118627 4128580.432711
332238.789506 4128580.383800
332238.575854 4128580.343677
332238.246733 4128580.294766
332238.058787 4128580.209729
332237.771993 4128580.060071
332237.565873 4128579.953198
332237.260904 4128579.781704
332237.063428 4128579.663558
332236.784832 4128579.480436
332236.597109 4128579.406495
332236.311869 4128579.334506
332236.132123 4128579.216005
332235.820732 4128579.166739
332235.403585 4128579.056464
332234.966131 4128578.958414
332234.340118 4128578.882991
332233.921912 4128578.849382
332233.309355 4128578.836349
332232.735898 4128578.836349
332232.136374 4128578.823316
332231.641116 4128578.797250
332231.145857 4128578.797250
332230.533300 4128578.823316
332230.053274 4128579.026901
