332222.766880 4128561.934571
332222.665049 4128561.824380
332222.543676 4128561.417343
332222.377216 4128561.076577
332222.145147 4128560.559526
332221.987108 4128560.196392
332221.755482 4128559.701532
332221.606976 4128559.371507
332221.383993 4128558.865374
332221.235042 4128558.513158
332221.077670 4128558.183311
332220.863774 4128557.688096
332220.623061 4128557.182318
332220.474110 4128556.830102
332220.242040 4128556.313051
332220.195271 4128556.191888
332220.195493 4128556.202984
332220.195493 4128556.202984
332220.195493 4128556.202984
332220.195493 4128556.202984
332220.214112 4128556.247011
332220.288809 4128556.434214
332220.390769 4128556.654172
332220.456380 4128556.830457
332220.530855 4128557.006565
332220.660743 4128557.292563
332220.799497 4128557.578384
332220.883282 4128557.776505
332221.013836 4128558.095789
332221.106709 4128558.304829
332221.237485 4128558.635209
332221.330580 4128558.855344
332221.434761 4128559.186256
332221.510347 4128559.417842
332221.603220 4128559.626881
332221.768568 4128559.912169
332221.977576 4128560.163283
332222.140259 4128560.315425
332222.329316 4128560.455940
332222.634286 4128560.627433
332222.956098 4128560.754189
332223.170195 4128560.816503
332223.410443 4128560.856093
332223.739787 4128560.916099
332223.970726 4128560.933675
332224.298959 4128560.938204
332224.644035 4128560.897995
332224.847267 4128560.860627
332225.058920 4128560.800890
332225.208399 4128560.716104
332225.366092 4128560.639341
332225.471979 4128560.587767
332225.577079 4128560.546317
332225.722433 4128560.489509
332225.884694 4128560.406960
332225.999053 4128560.360270
332226.139563 4128560.290858
332226.139563 4128560.290858
332226.139563 4128560.290858
332226.139563 4128560.290858
332226.086816 4128560.314114
332225.928576 4128560.383881
332225.788288 4128560.464389
332225.612317 4128560.534512
332225.295837 4128560.674047
332225.102580 4128560.766716
332224.839957 4128560.938473
332224.648033 4128561.097714
332224.394941 4128561.302580
332224.247343 4128561.460934
332224.066728 4128561.742049
332223.829832 4128562.312888
332223.773107 4128562.580422
332223.728135 4128562.992020
332223.742332 4128563.258135
332223.821472 4128563.667248
332223.871129 4128563.932652
332223.976865 4128564.341233
