332216.75490060553  4128579.703839857  -112.94796069584243
332218.63471581787  4128578.8004083494  -114.35584320980601
332220.4449430456  4128577.9649701365  -114.35582855486909
332222.86973367457  4128576.817530026  -119.70053132055682
332223.9430431359  4128575.941346489  -130.27632618961195
332224.2887638928  4128575.490427448  -140.33889899735667
332225.0927666818  4128574.0091390787  -150.68529362808385
332225.3675460835  4128573.115642806  -162.17047212162456
332225.4581564188  4128572.325733106  -172.17821368931084
332224.3930846816  4128569.1835736264  152.62318256832287
332223.5579010525  4128567.3355046296  155.574517104221
332222.7683757376  4128565.5531212296  154.4939485042934
332221.958454113  4128563.6379469726  157.7161933574572
332221.19374655746  4128561.766267318  156.75376819975904
332220.4465468925  4128559.8831372573  158.05391331460208
332219.7091006619  4128558.0442117364  159.01189202267844
332219.0503300116  4128556.148211413  161.26134493676486
332218.24151748663  4128554.288514938  156.11243551466146
332217.4134192595  4128552.3515050747  156.1124259458405
332217.31854742055  4128552.0426062224  150.8106029015142
332218.20603623055  4128553.8452277505  156.75373080398643
332218.87389453605  4128555.752146014  162.83232269956795
332219.03881963587  4128556.459240152  152.23938058761283
332219.26335737953  4128557.0430414663  141.84539964110965
332219.66564287513  4128557.6454839967  130.0104208095787
332220.1993509468  4128558.1675957856  117.83857378682305
332220.73859202705  4128558.523097745  107.475034840462
332221.3558425105  4128558.7882384285  96.77009889412919
332223.38132269826  4128558.9585860423  87.96782629380283
332224.3748885278  4128558.9719943055  77.56917345616175
332225.3471698571  4128558.808229788  66.48694595669566
332227.1237184892  4128558.062267074  63.20935185793454
332228.9689675323  4128557.203930005  65.94360468019535
332229.51416582183  4128556.971016526  68.8321537893281
332227.7679885099  4128557.9050696306  60.750515446843345
332226.02780916734  4128559.138701379  51.81377614131132
332224.51856906706  4128560.3899099207  47.94480263442601
332224.10548041406  4128561.019776655  37.47753044005151
332223.7828206207  4128561.736632503  27.072594778589274
332223.62793270044  4128562.4168296847  15.935432825002543
332223.5907355106  4128563.2167699775  5.554497010138058
332223.7018432673  4128564.7796369186  -4.5592103541765105
332224.0203837132  4128566.0719524445  -15.09330865213471
332224.74807470175  4128567.8666738286  -22.923339314606554
332225.5402650158  4128569.7822032957  -23.55723393055943
332226.2118565268  4128570.9897511546  -24.69504317825975
332226.91004333424  4128572.1967666214  -34.72898455915553