332226.216643,4128569.013866
332225.723021,4128567.836055
332225.332913,4128566.955870
332224.839069,4128565.766964
332224.483533,4128564.841687
332224.247021,4128564.102726
332224.122666,4128563.650118
332224.054168,4128563.329591
332223.938234,4128562.854615
332223.852005,4128562.534443
332223.699944,4128562.026890
332223.568724,4128561.674319
332223.363027,4128561.145640
332223.213854,4128560.782329
332222.999293,4128560.253827
332222.858985,4128559.890338
332222.727986,4128559.548863
332222.756136,4128559.625999
332222.803572,4128559.780448
332222.880491,4128560.078607
332222.964054,4128560.265633
332223.092609,4128560.485058
332223.201657,4128560.616074
332223.373427,4128560.779134
332223.491118,4128560.898877
332223.680396,4128561.050487
332223.815373,4128561.147684
332223.995342,4128561.277280
332224.129875,4128561.352286
332224.353725,4128561.458804
332224.719197,4128561.551387
332225.065160,4128561.555561
332225.436609,4128561.503724
332225.595071,4128561.445052
332225.805836,4128561.340933
332225.937259,4128561.260602
332226.138048,4128561.101184
332226.269249,4128561.009757
332226.461395,4128560.861611
332226.775654,4128560.611121
332226.906854,4128560.519695
332227.090357,4128560.382822
332227.404839,4128560.143427
332227.536039,4128560.052001
332227.316409,4128560.156298
332227.035389,4128560.295123
332226.596351,4128560.514811
332226.332840,4128560.642186
332225.929262,4128560.861165
332225.675504,4128561.032744
332225.308720,4128561.317586
332225.109042,4128561.532482
332224.832687,4128561.904313
332224.634119,4128562.174687
332224.412955,4128562.645312
332224.286197,4128562.958648
332224.145707,4128563.472058
332224.090537,4128563.817260
332224.065517,4128564.339458
332224.081268,4128564.683241
332224.153543,4128565.192391
332224.513743,4128566.350674
332225.082063,4128567.715688
332225.622232,4128569.003567
