332256.21125681617  4128605.3762128204  68.90436278616231
332252.4906271134  4128606.9158805455  72.29038663964751
332248.7037228432  4128608.2459778464  73.0930355053634
332244.7944849238  4128609.6673253286  71.33144095578793
332241.01800289407  4128611.074917171  71.47840148564363
332237.11674405966  4128612.4517088924  71.3313823220993
332233.34070867166  4128613.8814952713  71.47834272905757
332229.58993704186  4128615.244178005  72.29021156925361
332225.0382169321  4128616.911496351  76.25459478804086
332218.0993817863  4128619.392506295  68.71867668319582
332214.31248789805  4128620.7226195373  72.94459413879311
332210.5787857766  4128622.051669529  72.63991383789387
332206.72163976845  4128623.4164927695  73.74596639607651
332202.9440587056  4128624.7686247593  72.94450883174335
332199.6897202447  4128625.677383531  85.44211172983024
332196.75845942635  4128625.4474802087  106.87847247570163
332194.3388863057  4128624.197236966  127.43885555684211
332192.47179308126  4128622.1922350936  149.1393470007701
332190.49314062344  4128618.602175812  158.09587352870972
332188.80414694827  4128614.862017277  161.99271328895762
332187.94316298526  4128611.2828771663  177.1986244612835
332188.09109199245  4128608.926727149  -169.4442288420138
332189.1203787349  4128605.409634041  -151.6396138017317
332190.1072293718  4128604.2021788107  -128.83633926545954
332192.19999949145  4128602.8615788105  -119.70082450106334
332195.8164397403  4128600.9909719084  -110.64031763918572
332198.3963711809  4128600.062416428  -95.96243554887378
332199.67606041324  4128600.1921916204  -74.42783573578872
332201.5111856733  4128601.0434414293  -53.58508072056492
332202.6818917778  4128602.3741928977  -31.731443551661503
332204.2259074249  4128605.5178600335  -24.69512047703487
332205.9674198611  4128609.223669945  -23.380957977031127
332207.3795031959  4128611.0934860297  -45.72612589166064
332208.7585053955  4128611.754071153  -67.86803507972144
332210.2966139781  4128611.9452733034  -89.11834180330874
332212.8552796617  4128611.2835465134  -109.99399146512238
332216.5264660249  4128609.4895520164  -111.66217672920894
332220.1457960296  4128607.7631970774  -115.05330878251769
332222.87439443707  4128605.843778041  -131.52608412782908
332224.09458985867  4128603.887959379  -153.92499362466228
332224.46462215367  4128601.9935614048  -174.3963604752565
332224.2788375255  4128600.687488072  168.90530546193622
332223.04113042395  4128597.781883777  159.36007078239484
332221.47648216865  4128594.0503298175  161.44548221897892